1.0 0.28734 -0.34952 -0.098673 -0.34952 -0.34952 -0.098673 -0.34952 -0.34952 0.60656 0.97611 0.97611 0.53124 0.54086 0.54086 1.0 -0.34607 -0.34607 0.99728 -0.21872 -0.34607 0.60333 -0.34607 -0.34607 -0.34607 0.99728 -0.21872 -0.3452 -0.34952 -0.34952 0.52871 0.172 -0.053473 -0.21183 0.99456 0.60333 -0.34952 0.37736 -0.34952 -0.34433 -0.34781 0.60009 0.60333 -0.15209 -0.31463 -0.21032 0.5714 -0.083063 -0.052035 -0.17125 
0.28734 1.0 0.31706 0.089509 0.31706 0.31706 0.089509 0.31706 0.31706 0.17429 0.29437 0.29437 0.53596 0.52635 0.52635 0.28734 0.31863 0.31863 0.28656 0.19841 0.31863 0.17336 0.31863 0.31863 0.31863 0.28656 0.19841 0.31784 0.31706 0.31706 0.53872 0.43046 0.048507 0.19841 0.28734 0.17336 0.31706 0.75613 0.31706 0.31706 0.3202 0.17243 0.17336 0.13666 -0.12404 0.29827 0.16867 0.44846 0.29783 -0.2892 
-0.34952 0.31706 1.0 -0.10888 1.0 1.0 -0.10888 1.0 1.0 -0.212 -0.35808 -0.35808 0.5862 0.59681 0.59681 -0.34952 0.99507 0.99507 -0.34857 -0.24135 0.99507 -0.21087 0.99507 0.99507 0.99507 -0.34857 -0.24135 0.99753 1.0 1.0 0.5841 0.73657 -0.059004 -0.24135 -0.34952 -0.21087 1.0 0.4164 1.0 0.99505 0.98527 -0.20974 -0.21087 -0.16914 0.53676 0.43865 -0.19773 0.46843 0.22084 0.058852 
-0.098673 0.089509 -0.10888 1.0 -0.10888 -0.10888 1.0 -0.10888 -0.10888 -0.059851 -0.10109 -0.10109 -0.18574 -0.18244 -0.18244 -0.098673 -0.10942 -0.10942 -0.098404 -0.068134 -0.10942 -0.059532 -0.10942 -0.10942 -0.10942 -0.098404 -0.068134 -0.10915 -0.10888 -0.10888 -0.185 -0.14782 -0.016657 -0.068134 -0.098673 -0.059532 -0.10888 0.11755 -0.10888 -0.10888 -0.096975 -0.059212 -0.059532 -0.050119 -0.10136 0.12778 -0.057923 -0.18099 -0.0062198 -0.046492 
-0.34952 0.31706 1.0 -0.10888 1.0 1.0 -0.10888 1.0 1.0 -0.212 -0.35808 -0.35808 0.5862 0.59681 0.59681 -0.34952 0.99507 0.99507 -0.34857 -0.24135 0.99507 -0.21087 0.99507 0.99507 0.99507 -0.34857 -0.24135 0.99753 1.0 1.0 0.5841 0.73657 -0.059004 -0.24135 -0.34952 -0.21087 1.0 0.4164 1.0 0.99505 0.98527 -0.20974 -0.21087 -0.16914 0.53676 0.43865 -0.19773 0.46843 0.22084 0.058852 
-0.34952 0.31706 1.0 -0.10888 1.0 1.0 -0.10888 1.0 1.0 -0.212 -0.35808 -0.35808 0.5862 0.59681 0.59681 -0.34952 0.99507 0.99507 -0.34857 -0.24135 0.99507 -0.21087 0.99507 0.99507 0.99507 -0.34857 -0.24135 0.99753 1.0 1.0 0.5841 0.73657 -0.059004 -0.24135 -0.34952 -0.21087 1.0 0.4164 1.0 0.99505 0.98527 -0.20974 -0.21087 -0.16914 0.53676 0.43865 -0.19773 0.46843 0.22084 0.058852 
-0.098673 0.089509 -0.10888 1.0 -0.10888 -0.10888 1.0 -0.10888 -0.10888 -0.059851 -0.10109 -0.10109 -0.18574 -0.18244 -0.18244 -0.098673 -0.10942 -0.10942 -0.098404 -0.068134 -0.10942 -0.059532 -0.10942 -0.10942 -0.10942 -0.098404 -0.068134 -0.10915 -0.10888 -0.10888 -0.185 -0.14782 -0.016657 -0.068134 -0.098673 -0.059532 -0.10888 0.11755 -0.10888 -0.10888 -0.096975 -0.059212 -0.059532 -0.050119 -0.10136 0.12778 -0.057923 -0.18099 -0.0062198 -0.046492 
-0.34952 0.31706 1.0 -0.10888 1.0 1.0 -0.10888 1.0 1.0 -0.212 -0.35808 -0.35808 0.5862 0.59681 0.59681 -0.34952 0.99507 0.99507 -0.34857 -0.24135 0.99507 -0.21087 0.99507 0.99507 0.99507 -0.34857 -0.24135 0.99753 1.0 1.0 0.5841 0.73657 -0.059004 -0.24135 -0.34952 -0.21087 1.0 0.4164 1.0 0.99505 0.98527 -0.20974 -0.21087 -0.16914 0.53676 0.43865 -0.19773 0.46843 0.22084 0.058852 
-0.34952 0.31706 1.0 -0.10888 1.0 1.0 -0.10888 1.0 1.0 -0.212 -0.35808 -0.35808 0.5862 0.59681 0.59681 -0.34952 0.99507 0.99507 -0.34857 -0.24135 0.99507 -0.21087 0.99507 0.99507 0.99507 -0.34857 -0.24135 0.99753 1.0 1.0 0.5841 0.73657 -0.059004 -0.24135 -0.34952 -0.21087 1.0 0.4164 1.0 0.99505 0.98527 -0.20974 -0.21087 -0.16914 0.53676 0.43865 -0.19773 0.46843 0.22084 0.058852 
0.60656 0.17429 -0.212 -0.059851 -0.212 -0.212 -0.059851 -0.212 -0.212 1.0 0.59206 0.59206 0.32223 0.32806 0.32806 0.60656 -0.20581 -0.20581 0.60059 -0.13267 -0.20581 0.99467 -0.20581 -0.20581 -0.20581 0.60059 -0.13267 -0.20528 -0.212 -0.212 0.31701 -0.28783 -0.032434 -0.12304 0.59895 0.99467 -0.212 0.22889 -0.212 -0.20475 -0.20688 0.98933 0.984 -0.097588 -0.18985 0.22149 0.93505 0.27864 0.034039 -0.095541 
0.97611 0.29437 -0.35808 -0.10109 -0.35808 -0.35808 -0.10109 -0.35808 -0.35808 0.59206 1.0 1.0 0.54425 0.51272 0.51272 0.97611 -0.35473 -0.35473 0.97345 -0.22408 -0.35473 0.58891 -0.35473 -0.35473 -0.35473 0.97345 -0.22408 -0.35384 -0.35808 -0.35808 0.54182 0.15246 0.16478 -0.21727 0.97073 0.58891 -0.35808 0.3866 -0.35808 -0.35295 -0.35652 0.58575 0.58891 -0.15613 -0.32273 -0.23128 0.55757 -0.098791 -0.0689 -0.14132 
0.97611 0.29437 -0.35808 -0.10109 -0.35808 -0.35808 -0.10109 -0.35808 -0.35808 0.59206 1.0 1.0 0.54425 0.51272 0.51272 0.97611 -0.35473 -0.35473 0.97345 -0.22408 -0.35473 0.58891 -0.35473 -0.35473 -0.35473 0.97345 -0.22408 -0.35384 -0.35808 -0.35808 0.54182 0.15246 0.16478 -0.21727 0.97073 0.58891 -0.35808 0.3866 -0.35808 -0.35295 -0.35652 0.58575 0.58891 -0.15613 -0.32273 -0.23128 0.55757 -0.098791 -0.0689 -0.14132 
0.53124 0.53596 0.5862 -0.18574 0.5862 0.5862 -0.18574 0.5862 0.5862 0.32223 0.54425 0.54425 1.0 0.98222 0.98222 0.53124 0.58467 0.58467 0.5298 -0.41172 0.58467 0.32051 0.58467 0.58467 0.58467 0.5298 -0.41172 0.58765 0.5862 0.5862 0.99203 0.79181 0.089682 -0.40582 0.52659 0.32051 0.5862 0.70603 0.5862 0.5862 0.57431 0.31879 0.32051 -0.28778 0.201 0.19061 0.30517 0.33288 0.13686 -0.070405 
0.54086 0.52635 0.59681 -0.18244 0.59681 0.59681 -0.18244 0.59681 0.59681 0.32806 0.51272 0.51272 0.98222 1.0 1.0 0.54086 0.59533 0.59533 0.53939 -0.4044 0.59533 0.32631 0.59533 0.59533 0.59533 0.53939 -0.4044 0.59828 0.59681 0.59681 0.97419 0.80622 -0.098867 -0.3985 0.5362 0.32631 0.59681 0.69341 0.59681 0.59681 0.58504 0.32456 0.32631 -0.28241 0.21118 0.21083 0.31082 0.3471 0.1519 -0.094446 
0.54086 0.52635 0.59681 -0.18244 0.59681 0.59681 -0.18244 0.59681 0.59681 0.32806 0.51272 0.51272 0.98222 1.0 1.0 0.54086 0.59533 0.59533 0.53939 -0.4044 0.59533 0.32631 0.59533 0.59533 0.59533 0.53939 -0.4044 0.59828 0.59681 0.59681 0.97419 0.80622 -0.098867 -0.3985 0.5362 0.32631 0.59681 0.69341 0.59681 0.59681 0.58504 0.32456 0.32631 -0.28241 0.21118 0.21083 0.31082 0.3471 0.1519 -0.094446 
1.0 0.28734 -0.34952 -0.098673 -0.34952 -0.34952 -0.098673 -0.34952 -0.34952 0.60656 0.97611 0.97611 0.53124 0.54086 0.54086 1.0 -0.34607 -0.34607 0.99728 -0.21872 -0.34607 0.60333 -0.34607 -0.34607 -0.34607 0.99728 -0.21872 -0.3452 -0.34952 -0.34952 0.52871 0.172 -0.053473 -0.21183 0.99456 0.60333 -0.34952 0.37736 -0.34952 -0.34433 -0.34781 0.60009 0.60333 -0.15209 -0.31463 -0.21032 0.5714 -0.083063 -0.052035 -0.17125 
-0.34607 0.31863 0.99507 -0.10942 0.99507 0.99507 -0.10942 0.99507 0.99507 -0.20581 -0.35473 -0.35473 0.58467 0.59533 0.59533 -0.34607 1.0 1.0 -0.35029 -0.24254 1.0 -0.21192 1.0 1.0 1.0 -0.35029 -0.24254 0.9926 0.99507 0.99507 0.58259 0.73123 -0.059296 -0.24254 -0.34607 -0.20465 0.99507 0.41367 0.99507 0.99014 0.98035 -0.20348 -0.20465 -0.17004 0.53303 0.44092 -0.19133 0.4717 0.2211 0.057095 
-0.34607 0.31863 0.99507 -0.10942 0.99507 0.99507 -0.10942 0.99507 0.99507 -0.20581 -0.35473 -0.35473 0.58467 0.59533 0.59533 -0.34607 1.0 1.0 -0.35029 -0.24254 1.0 -0.21192 1.0 1.0 1.0 -0.35029 -0.24254 0.9926 0.99507 0.99507 0.58259 0.73123 -0.059296 -0.24254 -0.34607 -0.20465 0.99507 0.41367 0.99507 0.99014 0.98035 -0.20348 -0.20465 -0.17004 0.53303 0.44092 -0.19133 0.4717 0.2211 0.057095 
0.99728 0.28656 -0.34857 -0.098404 -0.34857 -0.34857 -0.098404 -0.34857 -0.34857 0.60059 0.97345 0.97345 0.5298 0.53939 0.53939 0.99728 -0.35029 -0.35029 1.0 -0.21813 -0.35029 0.60497 -0.35029 -0.35029 -0.35029 1.0 -0.21813 -0.34424 -0.34857 -0.34857 0.52725 0.17421 -0.053328 -0.21123 0.99183 0.59732 -0.34857 0.37634 -0.34857 -0.34337 -0.34685 0.59404 0.59732 -0.15164 -0.31373 -0.21231 0.56517 -0.085437 -0.050137 -0.17064 
-0.21872 0.19841 -0.24135 -0.068134 -0.24135 -0.24135 -0.068134 -0.24135 -0.24135 -0.13267 -0.22408 -0.22408 -0.41172 -0.4044 -0.4044 -0.21872 -0.24254 -0.24254 -0.21813 1.0 -0.24254 -0.13196 -0.24254 -0.24254 -0.24254 -0.21813 1.0 -0.24194 -0.24135 -0.24135 -0.40418 -0.32169 -0.036924 0.99128 -0.21183 -0.13196 -0.24135 0.26057 -0.24135 -0.24135 -0.22411 -0.13125 -0.13196 0.70217 -0.21788 -0.044576 -0.11851 -0.0064769 -0.096174 -0.12486 
-0.34607 0.31863 0.99507 -0.10942 0.99507 0.99507 -0.10942 0.99507 0.99507 -0.20581 -0.35473 -0.35473 0.58467 0.59533 0.59533 -0.34607 1.0 1.0 -0.35029 -0.24254 1.0 -0.21192 1.0 1.0 1.0 -0.35029 -0.24254 0.9926 0.99507 0.99507 0.58259 0.73123 -0.059296 -0.24254 -0.34607 -0.20465 0.99507 0.41367 0.99507 0.99014 0.98035 -0.20348 -0.20465 -0.17004 0.53303 0.44092 -0.19133 0.4717 0.2211 0.057095 
0.60333 0.17336 -0.21087 -0.059532 -0.21087 -0.21087 -0.059532 -0.21087 -0.21087 0.99467 0.58891 0.58891 0.32051 0.32631 0.32631 0.60333 -0.21192 -0.21192 0.60497 -0.13196 -0.21192 1.0 -0.21192 -0.21192 -0.21192 0.60497 -0.13196 -0.20412 -0.21087 -0.21087 0.31526 -0.28629 -0.032262 -0.12229 0.59569 0.98928 -0.21087 0.22767 -0.21087 -0.20359 -0.20571 0.98386 0.97855 -0.097069 -0.18877 0.22004 0.92913 0.27666 0.036947 -0.094745 
-0.34607 0.31863 0.99507 -0.10942 0.99507 0.99507 -0.10942 0.99507 0.99507 -0.20581 -0.35473 -0.35473 0.58467 0.59533 0.59533 -0.34607 1.0 1.0 -0.35029 -0.24254 1.0 -0.21192 1.0 1.0 1.0 -0.35029 -0.24254 0.9926 0.99507 0.99507 0.58259 0.73123 -0.059296 -0.24254 -0.34607 -0.20465 0.99507 0.41367 0.99507 0.99014 0.98035 -0.20348 -0.20465 -0.17004 0.53303 0.44092 -0.19133 0.4717 0.2211 0.057095 
-0.34607 0.31863 0.99507 -0.10942 0.99507 0.99507 -0.10942 0.99507 0.99507 -0.20581 -0.35473 -0.35473 0.58467 0.59533 0.59533 -0.34607 1.0 1.0 -0.35029 -0.24254 1.0 -0.21192 1.0 1.0 1.0 -0.35029 -0.24254 0.9926 0.99507 0.99507 0.58259 0.73123 -0.059296 -0.24254 -0.34607 -0.20465 0.99507 0.41367 0.99507 0.99014 0.98035 -0.20348 -0.20465 -0.17004 0.53303 0.44092 -0.19133 0.4717 0.2211 0.057095 
-0.34607 0.31863 0.99507 -0.10942 0.99507 0.99507 -0.10942 0.99507 0.99507 -0.20581 -0.35473 -0.35473 0.58467 0.59533 0.59533 -0.34607 1.0 1.0 -0.35029 -0.24254 1.0 -0.21192 1.0 1.0 1.0 -0.35029 -0.24254 0.9926 0.99507 0.99507 0.58259 0.73123 -0.059296 -0.24254 -0.34607 -0.20465 0.99507 0.41367 0.99507 0.99014 0.98035 -0.20348 -0.20465 -0.17004 0.53303 0.44092 -0.19133 0.4717 0.2211 0.057095 
0.99728 0.28656 -0.34857 -0.098404 -0.34857 -0.34857 -0.098404 -0.34857 -0.34857 0.60059 0.97345 0.97345 0.5298 0.53939 0.53939 0.99728 -0.35029 -0.35029 1.0 -0.21813 -0.35029 0.60497 -0.35029 -0.35029 -0.35029 1.0 -0.21813 -0.34424 -0.34857 -0.34857 0.52725 0.17421 -0.053328 -0.21123 0.99183 0.59732 -0.34857 0.37634 -0.34857 -0.34337 -0.34685 0.59404 0.59732 -0.15164 -0.31373 -0.21231 0.56517 -0.085437 -0.050137 -0.17064 
-0.21872 0.19841 -0.24135 -0.068134 -0.24135 -0.24135 -0.068134 -0.24135 -0.24135 -0.13267 -0.22408 -0.22408 -0.41172 -0.4044 -0.4044 -0.21872 -0.24254 -0.24254 -0.21813 1.0 -0.24254 -0.13196 -0.24254 -0.24254 -0.24254 -0.21813 1.0 -0.24194 -0.24135 -0.24135 -0.40418 -0.32169 -0.036924 0.99128 -0.21183 -0.13196 -0.24135 0.26057 -0.24135 -0.24135 -0.22411 -0.13125 -0.13196 0.70217 -0.21788 -0.044576 -0.11851 -0.0064769 -0.096174 -0.12486 
-0.3452 0.31784 0.99753 -0.10915 0.99753 0.99753 -0.10915 0.99753 0.99753 -0.20528 -0.35384 -0.35384 0.58765 0.59828 0.59828 -0.3452 0.9926 0.9926 -0.34424 -0.24194 0.9926 -0.20412 0.9926 0.9926 0.9926 -0.34424 -0.24194 1.0 0.99753 0.99753 0.58556 0.73389 -0.05915 -0.24194 -0.3452 -0.20412 0.99753 0.41743 0.99753 0.99259 0.9828 -0.20295 -0.20412 -0.16959 0.53489 0.43978 -0.19081 0.47007 0.22321 0.057972 
-0.34952 0.31706 1.0 -0.10888 1.0 1.0 -0.10888 1.0 1.0 -0.212 -0.35808 -0.35808 0.5862 0.59681 0.59681 -0.34952 0.99507 0.99507 -0.34857 -0.24135 0.99507 -0.21087 0.99507 0.99507 0.99507 -0.34857 -0.24135 0.99753 1.0 1.0 0.5841 0.73657 -0.059004 -0.24135 -0.34952 -0.21087 1.0 0.4164 1.0 0.99505 0.98527 -0.20974 -0.21087 -0.16914 0.53676 0.43865 -0.19773 0.46843 0.22084 0.058852 
-0.34952 0.31706 1.0 -0.10888 1.0 1.0 -0.10888 1.0 1.0 -0.212 -0.35808 -0.35808 0.5862 0.59681 0.59681 -0.34952 0.99507 0.99507 -0.34857 -0.24135 0.99507 -0.21087 0.99507 0.99507 0.99507 -0.34857 -0.24135 0.99753 1.0 1.0 0.5841 0.73657 -0.059004 -0.24135 -0.34952 -0.21087 1.0 0.4164 1.0 0.99505 0.98527 -0.20974 -0.21087 -0.16914 0.53676 0.43865 -0.19773 0.46843 0.22084 0.058852 
0.52871 0.53872 0.5841 -0.185 0.5841 0.5841 -0.185 0.5841 0.5841 0.31701 0.54182 0.54182 0.99203 0.97419 0.97419 0.52871 0.58259 0.58259 0.52725 -0.40418 0.58259 0.31526 0.58259 0.58259 0.58259 0.52725 -0.40418 0.58556 0.5841 0.5841 1.0 0.79499 0.090041 -0.41008 0.53337 0.32179 0.5841 0.70751 0.5841 0.5841 0.57225 0.32007 0.32179 -0.28658 0.19867 0.19185 0.30641 0.33294 0.13617 -0.075066 
0.172 0.43046 0.73657 -0.14782 0.73657 0.73657 -0.14782 0.73657 0.73657 -0.28783 0.15246 0.15246 0.79181 0.80622 0.80622 0.172 0.73123 0.73123 0.17421 -0.32169 0.73123 -0.28629 0.73123 0.73123 0.73123 0.17421 -0.32169 0.73389 0.73657 0.73657 0.79499 1.0 -0.080107 -0.32767 0.17672 -0.28629 0.73657 0.56532 0.73657 0.73206 0.72145 -0.28476 -0.27967 -0.22576 0.33188 0.076328 -0.26501 0.17901 0.13288 -0.036473 
-0.053473 0.048507 -0.059004 -0.016657 -0.059004 -0.059004 -0.016657 -0.059004 -0.059004 -0.032434 0.16478 0.16478 0.089682 -0.098867 -0.098867 -0.053473 -0.059296 -0.059296 -0.053328 -0.036924 -0.059296 -0.032262 -0.059296 -0.059296 -0.059296 -0.053328 -0.036924 -0.05915 -0.059004 -0.059004 0.090041 -0.080107 1.0 -0.036924 -0.053473 -0.032262 -0.059004 0.063705 -0.059004 -0.059004 -0.059589 -0.032088 -0.032262 -0.027161 -0.054927 -0.10818 -0.03139 -0.076959 -0.080436 0.12789 
-0.21183 0.19841 -0.24135 -0.068134 -0.24135 -0.24135 -0.068134 -0.24135 -0.24135 -0.12304 -0.21727 -0.21727 -0.40582 -0.3985 -0.3985 -0.21183 -0.24254 -0.24254 -0.21123 0.99128 -0.24254 -0.12229 -0.24254 -0.24254 -0.24254 -0.21123 0.99128 -0.24194 -0.24135 -0.24135 -0.41008 -0.32767 -0.036924 1.0 -0.21872 -0.13196 -0.24135 0.26057 -0.24135 -0.24135 -0.22411 -0.13125 -0.13196 0.70217 -0.21788 -0.044576 -0.11851 -0.0064769 -0.090204 -0.12486 
0.99456 0.28734 -0.34952 -0.098673 -0.34952 -0.34952 -0.098673 -0.34952 -0.34952 0.59895 0.97073 0.97073 0.52659 0.5362 0.5362 0.99456 -0.34607 -0.34607 0.99183 -0.21183 -0.34607 0.59569 -0.34607 -0.34607 -0.34607 0.99183 -0.21183 -0.3452 -0.34952 -0.34952 0.53337 0.17672 -0.053473 -0.21872 1.0 0.60333 -0.34952 0.37736 -0.34952 -0.34433 -0.34781 0.60009 0.60333 -0.15209 -0.31463 -0.21032 0.5714 -0.083063 -0.056751 -0.17125 
0.60333 0.17336 -0.21087 -0.059532 -0.21087 -0.21087 -0.059532 -0.21087 -0.21087 0.99467 0.58891 0.58891 0.32051 0.32631 0.32631 0.60333 -0.20465 -0.20465 0.59732 -0.13196 -0.20465 0.98928 -0.20465 -0.20465 -0.20465 0.59732 -0.13196 -0.20412 -0.21087 -0.21087 0.32179 -0.28629 -0.032262 -0.13196 0.60333 1.0 -0.21087 0.22767 -0.21087 -0.20359 -0.20571 0.99463 0.98928 -0.097069 -0.18877 0.2269 0.94009 0.28319 0.030326 -0.094745 
-0.34952 0.31706 1.0 -0.10888 1.0 1.0 -0.10888 1.0 1.0 -0.212 -0.35808 -0.35808 0.5862 0.59681 0.59681 -0.34952 0.99507 0.99507 -0.34857 -0.24135 0.99507 -0.21087 0.99507 0.99507 0.99507 -0.34857 -0.24135 0.99753 1.0 1.0 0.5841 0.73657 -0.059004 -0.24135 -0.34952 -0.21087 1.0 0.4164 1.0 0.99505 0.98527 -0.20974 -0.21087 -0.16914 0.53676 0.43865 -0.19773 0.46843 0.22084 0.058852 
0.37736 0.75613 0.4164 0.11755 0.4164 0.4164 0.11755 0.4164 0.4164 0.22889 0.3866 0.3866 0.70603 0.69341 0.69341 0.37736 0.41367 0.41367 0.37634 0.26057 0.41367 0.22767 0.41367 0.41367 0.41367 0.37634 0.26057 0.41743 0.4164 0.4164 0.70751 0.56532 0.063705 0.26057 0.37736 0.22767 0.4164 1.0 0.4164 0.4164 0.42052 0.22645 0.22767 0.18354 0.020608 0.22467 0.22152 0.28795 0.075209 -0.18421 
-0.34952 0.31706 1.0 -0.10888 1.0 1.0 -0.10888 1.0 1.0 -0.212 -0.35808 -0.35808 0.5862 0.59681 0.59681 -0.34952 0.99507 0.99507 -0.34857 -0.24135 0.99507 -0.21087 0.99507 0.99507 0.99507 -0.34857 -0.24135 0.99753 1.0 1.0 0.5841 0.73657 -0.059004 -0.24135 -0.34952 -0.21087 1.0 0.4164 1.0 0.99505 0.98527 -0.20974 -0.21087 -0.16914 0.53676 0.43865 -0.19773 0.46843 0.22084 0.058852 
-0.34433 0.31706 0.99505 -0.10888 0.99505 0.99505 -0.10888 0.99505 0.99505 -0.20475 -0.35295 -0.35295 0.5862 0.59681 0.59681 -0.34433 0.99014 0.99014 -0.34337 -0.24135 0.99014 -0.20359 0.99014 0.99014 0.99014 -0.34337 -0.24135 0.99259 0.99505 0.99505 0.5841 0.73206 -0.059004 -0.24135 -0.34433 -0.20359 0.99505 0.4164 0.99505 1.0 0.99019 -0.20974 -0.21087 -0.16914 0.54188 0.44331 -0.19773 0.47287 0.22533 0.065695 
-0.34781 0.3202 0.98527 -0.096975 0.98527 0.98527 -0.096975 0.98527 0.98527 -0.20688 -0.35652 -0.35652 0.57431 0.58504 0.58504 -0.34781 0.98035 0.98035 -0.34685 -0.22411 0.98035 -0.20571 0.98035 0.98035 0.98035 -0.34685 -0.22411 0.9828 0.98527 0.98527 0.57225 0.72145 -0.059589 -0.22411 -0.34781 -0.20571 0.98527 0.42052 0.98527 0.99019 1.0 -0.21182 -0.21296 -0.16258 0.53952 0.44783 -0.19979 0.46171 0.22136 0.068974 
0.60009 0.17243 -0.20974 -0.059212 -0.20974 -0.20974 -0.059212 -0.20974 -0.20974 0.98933 0.58575 0.58575 0.31879 0.32456 0.32456 0.60009 -0.20348 -0.20348 0.59404 -0.13125 -0.20348 0.98386 -0.20348 -0.20348 -0.20348 0.59404 -0.13125 -0.20295 -0.20974 -0.20974 0.32007 -0.28476 -0.032088 -0.13125 0.60009 0.99463 -0.20974 0.22645 -0.20974 -0.20974 -0.21182 1.0 0.99463 -0.096547 -0.19525 0.22549 0.9452 0.28123 0.026583 -0.10406 
0.60333 0.17336 -0.21087 -0.059532 -0.21087 -0.21087 -0.059532 -0.21087 -0.21087 0.984 0.58891 0.58891 0.32051 0.32631 0.32631 0.60333 -0.20465 -0.20465 0.59732 -0.13196 -0.20465 0.97855 -0.20465 -0.20465 -0.20465 0.59732 -0.13196 -0.20412 -0.21087 -0.21087 0.32179 -0.27967 -0.032262 -0.13196 0.60333 0.98928 -0.21087 0.22767 -0.21087 -0.21087 -0.21296 0.99463 1.0 -0.097069 -0.1963 0.22004 0.94009 0.27666 0.023706 -0.10482 
-0.15209 0.13666 -0.16914 -0.050119 -0.16914 -0.16914 -0.050119 -0.16914 -0.16914 -0.097588 -0.15613 -0.15613 -0.28778 -0.28241 -0.28241 -0.15209 -0.17004 -0.17004 -0.15164 0.70217 -0.17004 -0.097069 -0.17004 -0.17004 -0.17004 -0.15164 0.70217 -0.16959 -0.16914 -0.16914 -0.28658 -0.22576 -0.027161 0.70217 -0.15209 -0.097069 -0.16914 0.18354 -0.16914 -0.16914 -0.16258 -0.096547 -0.097069 1.0 -0.16526 0.20045 -0.094445 0.15649 -0.15049 -0.093601 
-0.31463 -0.12404 0.53676 -0.10136 0.53676 0.53676 -0.10136 0.53676 0.53676 -0.18985 -0.32273 -0.32273 0.201 0.21118 0.21118 -0.31463 0.53303 0.53303 -0.31373 -0.21788 0.53303 -0.18877 0.53303 0.53303 0.53303 -0.31373 -0.21788 0.53489 0.53676 0.53676 0.19867 0.33188 -0.054927 -0.21788 -0.31463 -0.18877 0.53676 0.020608 0.53676 0.54188 0.53952 -0.19525 -0.1963 -0.16526 1.0 0.41653 -0.191 0.20195 0.11068 0.29685 
-0.21032 0.29827 0.43865 0.12778 0.43865 0.43865 0.12778 0.43865 0.43865 0.22149 -0.23128 -0.23128 0.19061 0.21083 0.21083 -0.21032 0.44092 0.44092 -0.21231 -0.044576 0.44092 0.22004 0.44092 0.44092 0.44092 -0.21231 -0.044576 0.43978 0.43865 0.43865 0.19185 0.076328 -0.10818 -0.044576 -0.21032 0.2269 0.43865 0.22467 0.43865 0.44331 0.44783 0.22549 0.22004 0.20045 0.41653 1.0 0.22677 0.6939 0.19779 0.087821 
0.5714 0.16867 -0.19773 -0.057923 -0.19773 -0.19773 -0.057923 -0.19773 -0.19773 0.93505 0.55757 0.55757 0.30517 0.31082 0.31082 0.5714 -0.19133 -0.19133 0.56517 -0.11851 -0.19133 0.92913 -0.19133 -0.19133 -0.19133 0.56517 -0.11851 -0.19081 -0.19773 -0.19773 0.30641 -0.26501 -0.03139 -0.11851 0.5714 0.94009 -0.19773 0.22152 -0.19773 -0.19773 -0.19979 0.9452 0.94009 -0.094445 -0.191 0.22677 1.0 0.32003 0.05189 -0.11129 
-0.083063 0.44846 0.46843 -0.18099 0.46843 0.46843 -0.18099 0.46843 0.46843 0.27864 -0.098791 -0.098791 0.33288 0.3471 0.3471 -0.083063 0.4717 0.4717 -0.085437 -0.0064769 0.4717 0.27666 0.4717 0.4717 0.4717 -0.085437 -0.0064769 0.47007 0.46843 0.46843 0.33294 0.17901 -0.076959 -0.0064769 -0.083063 0.28319 0.46843 0.28795 0.46843 0.47287 0.46171 0.28123 0.27666 0.15649 0.20195 0.6939 0.32003 1.0 0.328 -0.15286 
-0.052035 0.29783 0.22084 -0.0062198 0.22084 0.22084 -0.0062198 0.22084 0.22084 0.034039 -0.0689 -0.0689 0.13686 0.1519 0.1519 -0.052035 0.2211 0.2211 -0.050137 -0.096174 0.2211 0.036947 0.2211 0.2211 0.2211 -0.050137 -0.096174 0.22321 0.22084 0.22084 0.13617 0.13288 -0.080436 -0.090204 -0.056751 0.030326 0.22084 0.075209 0.22084 0.22533 0.22136 0.026583 0.023706 -0.15049 0.11068 0.19779 0.05189 0.328 1.0 -0.15609 
-0.17125 -0.2892 0.058852 -0.046492 0.058852 0.058852 -0.046492 0.058852 0.058852 -0.095541 -0.14132 -0.14132 -0.070405 -0.094446 -0.094446 -0.17125 0.057095 0.057095 -0.17064 -0.12486 0.057095 -0.094745 0.057095 0.057095 0.057095 -0.17064 -0.12486 0.057972 0.058852 0.058852 -0.075066 -0.036473 0.12789 -0.12486 -0.17125 -0.094745 0.058852 -0.18421 0.058852 0.065695 0.068974 -0.10406 -0.10482 -0.093601 0.29685 0.087821 -0.11129 -0.15286 -0.15609 1.0 
