0                   0.44116787920399014 
1                   11.730713362978221  
2                   12.82939799490353   
3                   0.9386818858090399  
4                   12.829397947664264  
5                   12.829397968791323  
6                   0.9386818779419167  
7                   12.82939796693023   
8                   12.829398010699391  
9                   0.8438467605151113  
10                  0.2883005796202719  
11                  0.28830061484024916 
12                  11.750734948486263  
13                  11.867836320370113  
14                  11.86783624587889   
15                  0.4411678948072014  
16                  12.788757585000939  
17                  12.788757606417253  
18                  0.33693373339631294 
19                  1.9060501062341544  
20                  12.788757589801602  
21                  0.6988553229149043  
22                  12.788757612059452  
23                  12.788757611361818  
24                  12.788757535107775  
25                  0.3369338083541139  
26                  1.906050056458147   
27                  12.96423672257432   
28                  12.82939803860081   
29                  12.829398004563627  
30                  11.591862646521866  
31                  11.414080834129923  
32                  -0.6959146770297029 
33                  2.0017251102464755  
34                  0.3673624319548368  
35                  0.9216800493061107  
36                  12.82939792234871   
37                  14.408948240921708  
38                  12.829397980555356  
39                  12.947842433284674  
40                  12.988246478661718  
41                  0.9197214123308532  
42                  1.1567824526508337  
43                  2.2439135423241985  
44                  2.561500234525153   
45                  8.025500858484754   
46                  1.4015797655716566  
47                  9.1391307084536     
48                  2.092218504108152   
49                  -2.8165735113659065 
