1.0 0.19128 -0.45678 -0.12251 -0.45678 -0.45585 -0.12251 -0.45678 -0.45678 0.52004 0.78641 0.78641 0.31292 0.38816 0.38816 0.99708 -0.4577 -0.4577 0.99708 -0.14678 -0.4577 0.52004 -0.45493 -0.45493 -0.45493 1.0 -0.14678 -0.45678 -0.45678 -0.45678 0.31211 -0.34011 -0.16747 -0.14678 1.0 0.52004 -0.45678 0.20922 -0.45585 -0.4708 -0.47841 0.52004 0.5146 0.65775 0.0031244 0.1593 0.29245 0.07408 -0.080416 0.066808 
0.19128 1.0 0.31662 0.084922 0.31662 0.31598 0.084922 0.31662 0.31662 0.09947 0.24323 0.24323 0.61127 0.48631 0.48631 0.19184 0.3048 0.3048 0.19184 0.10174 0.3048 0.09947 0.31534 0.31534 0.31534 0.19128 0.10174 0.31662 0.31662 0.31662 0.61284 0.33628 0.11609 0.10174 0.19128 0.09947 0.31662 0.91425 0.31598 0.25183 0.25723 0.09947 0.10023 0.137 0.28442 0.54468 0.061548 0.37958 0.13579 -0.22805 
-0.45678 0.31662 1.0 -0.2028 1.0 0.99798 -0.2028 0.99595 0.99595 -0.23754 -0.5765 -0.5765 0.51341 0.63414 0.63414 -0.45325 0.98989 0.98989 -0.45325 -0.24297 0.98989 -0.23754 0.99191 0.99191 0.99191 -0.45678 -0.24297 0.99595 0.99595 0.99595 0.51664 0.9375 -0.27029 -0.24297 -0.45678 -0.23754 0.99595 0.34631 0.99393 0.96619 0.95076 -0.23754 -0.23936 -0.32716 0.66413 0.46324 -0.1226 0.56365 0.11499 -0.094401 
-0.12251 0.084922 -0.2028 1.0 -0.2028 -0.20239 1.0 -0.2028 -0.2028 -0.063712 -0.15579 -0.15579 -0.39152 -0.31563 -0.31563 -0.12287 -0.20321 -0.20321 -0.12287 -0.065167 -0.20321 -0.063712 -0.20198 -0.20198 -0.20198 -0.12251 -0.065167 -0.2028 -0.2028 -0.2028 -0.39253 -0.21539 -0.074354 -0.065167 -0.12251 -0.063712 -0.2028 0.092887 -0.20239 -0.20902 -0.2124 -0.063712 -0.046672 -0.08775 -0.24053 -0.044192 -0.039422 -0.26416 -0.025822 -0.038367 
-0.45678 0.31662 1.0 -0.2028 1.0 0.99798 -0.2028 0.99595 0.99595 -0.23754 -0.5765 -0.5765 0.51341 0.63414 0.63414 -0.45325 0.98989 0.98989 -0.45325 -0.24297 0.98989 -0.23754 0.99191 0.99191 0.99191 -0.45678 -0.24297 0.99595 0.99595 0.99595 0.51664 0.9375 -0.27029 -0.24297 -0.45678 -0.23754 0.99595 0.34631 0.99393 0.96619 0.95076 -0.23754 -0.23936 -0.32716 0.66413 0.46324 -0.1226 0.56365 0.11499 -0.094401 
-0.45585 0.31598 0.99798 -0.20239 0.99798 1.0 -0.20239 0.99798 0.99798 -0.23706 -0.57532 -0.57532 0.51236 0.63284 0.63284 -0.45233 0.98787 0.98787 -0.45233 -0.24247 0.98787 -0.23706 0.98988 0.99393 0.99393 -0.45585 -0.24247 0.99393 0.99393 0.99393 0.5156 0.9356 -0.26973 -0.24247 -0.45585 -0.23706 0.99393 0.34561 0.9919 0.96423 0.94883 -0.23706 -0.23887 -0.3265 0.66244 0.46228 -0.12229 0.5622 0.1171 -0.093933 
-0.12251 0.084922 -0.2028 1.0 -0.2028 -0.20239 1.0 -0.2028 -0.2028 -0.063712 -0.15579 -0.15579 -0.39152 -0.31563 -0.31563 -0.12287 -0.20321 -0.20321 -0.12287 -0.065167 -0.20321 -0.063712 -0.20198 -0.20198 -0.20198 -0.12251 -0.065167 -0.2028 -0.2028 -0.2028 -0.39253 -0.21539 -0.074354 -0.065167 -0.12251 -0.063712 -0.2028 0.092887 -0.20239 -0.20902 -0.2124 -0.063712 -0.046672 -0.08775 -0.24053 -0.044192 -0.039422 -0.26416 -0.025822 -0.038367 
-0.45678 0.31662 0.99595 -0.2028 0.99595 0.99798 -0.2028 1.0 1.0 -0.23754 -0.5765 -0.5765 0.51341 0.63414 0.63414 -0.45325 0.98989 0.98989 -0.45325 -0.24297 0.98989 -0.23754 0.99191 0.99596 0.99596 -0.45678 -0.24297 0.99595 0.99595 0.99595 0.51664 0.9375 -0.27029 -0.24297 -0.45678 -0.23754 0.99595 0.34631 0.99393 0.96619 0.95076 -0.23754 -0.23936 -0.32716 0.66413 0.46324 -0.1226 0.56365 0.11499 -0.094401 
-0.45678 0.31662 0.99595 -0.2028 0.99595 0.99798 -0.2028 1.0 1.0 -0.23754 -0.5765 -0.5765 0.51341 0.63414 0.63414 -0.45325 0.98989 0.98989 -0.45325 -0.24297 0.98989 -0.23754 0.99191 0.99596 0.99596 -0.45678 -0.24297 0.99595 0.99595 0.99595 0.51664 0.9375 -0.27029 -0.24297 -0.45678 -0.23754 0.99595 0.34631 0.99393 0.96619 0.95076 -0.23754 -0.23936 -0.32716 0.66413 0.46324 -0.1226 0.56365 0.11499 -0.094401 
0.52004 0.09947 -0.23754 -0.063712 -0.23754 -0.23706 -0.063712 -0.23754 -0.23754 1.0 0.40896 0.40896 0.16273 0.20186 0.20186 0.51852 -0.23802 -0.23802 0.51852 -0.076331 -0.23802 1.0 -0.23658 -0.23658 -0.23658 0.52004 -0.076331 -0.23754 -0.23754 -0.23754 0.16231 -0.25229 -0.087092 -0.076331 0.52004 1.0 -0.23754 0.1088 -0.23706 -0.24483 -0.24879 1.0 0.9924 -0.10278 -0.29227 0.13923 0.57126 -0.069681 0.068876 -0.067499 
0.78641 0.24323 -0.5765 -0.15579 -0.5765 -0.57532 -0.15579 -0.5765 -0.5765 0.40896 1.0 1.0 0.3979 0.075664 0.075664 0.78351 -0.58201 -0.58201 0.78351 -0.18665 -0.58201 0.40896 -0.57849 -0.57849 -0.57849 0.78641 -0.18665 -0.58083 -0.58083 -0.58083 0.39688 -0.48763 0.47727 -0.18665 0.78641 0.40896 -0.58083 0.26604 -0.57966 -0.5857 -0.5954 0.40896 0.4037 0.51765 -0.1937 0.18918 0.22691 -0.15302 0.048375 0.010193 
0.78641 0.24323 -0.5765 -0.15579 -0.5765 -0.57532 -0.15579 -0.5765 -0.5765 0.40896 1.0 1.0 0.3979 0.075664 0.075664 0.78351 -0.58201 -0.58201 0.78351 -0.18665 -0.58201 0.40896 -0.57849 -0.57849 -0.57849 0.78641 -0.18665 -0.58083 -0.58083 -0.58083 0.39688 -0.48763 0.47727 -0.18665 0.78641 0.40896 -0.58083 0.26604 -0.57966 -0.5857 -0.5954 0.40896 0.4037 0.51765 -0.1937 0.18918 0.22691 -0.15302 0.048375 0.010193 
0.31292 0.61127 0.51341 -0.39152 0.51341 0.51236 -0.39152 0.51341 0.51341 0.16273 0.3979 0.3979 1.0 0.80143 0.80143 0.31383 0.50535 0.50535 0.31383 -0.46907 0.50535 0.16273 0.51132 0.51132 0.51132 0.31292 -0.46907 0.51341 0.51341 0.51341 0.99743 0.54562 0.18991 -0.46907 0.31292 0.16273 0.51341 0.6686 0.51236 0.47485 0.44731 0.16273 0.15516 0.1762 0.55138 0.7192 0.10069 0.48147 0.17362 -0.095048 
0.38816 0.48631 0.63414 -0.31563 0.63414 0.63284 -0.31563 0.63414 0.63414 0.20186 0.075664 0.075664 0.80143 1.0 1.0 0.3893 0.63544 0.63544 0.3893 -0.37814 0.63544 0.20186 0.63573 0.63573 0.63573 0.38816 -0.37814 0.63833 0.63833 0.63833 0.79935 0.67827 -0.43145 -0.37814 0.38816 0.20186 0.63833 0.53295 0.63703 0.59543 0.57288 0.20186 0.19529 0.22764 0.69488 0.61217 0.1249 0.65199 0.045706 -0.040251 
0.38816 0.48631 0.63414 -0.31563 0.63414 0.63284 -0.31563 0.63414 0.63414 0.20186 0.075664 0.075664 0.80143 1.0 1.0 0.3893 0.63544 0.63544 0.3893 -0.37814 0.63544 0.20186 0.63573 0.63573 0.63573 0.38816 -0.37814 0.63833 0.63833 0.63833 0.79935 0.67827 -0.43145 -0.37814 0.38816 0.20186 0.63833 0.53295 0.63703 0.59543 0.57288 0.20186 0.19529 0.22764 0.69488 0.61217 0.1249 0.65199 0.045706 -0.040251 
0.99708 0.19184 -0.45325 -0.12287 -0.45325 -0.45233 -0.12287 -0.45325 -0.45325 0.51852 0.78351 0.78351 0.31383 0.3893 0.3893 1.0 -0.45904 -0.45904 1.0 -0.14721 -0.45904 0.51852 -0.4514 -0.4514 -0.4514 0.99708 -0.14721 -0.45325 -0.45325 -0.45325 0.31303 -0.33694 -0.16796 -0.14721 0.99708 0.51852 -0.45325 0.20983 -0.45233 -0.46733 -0.47497 0.51852 0.51309 0.65576 0.0053677 0.16034 0.29156 0.075881 -0.082771 0.066103 
-0.4577 0.3048 0.98989 -0.20321 0.98989 0.98787 -0.20321 0.98989 0.98989 -0.23802 -0.58201 -0.58201 0.50535 0.63544 0.63544 -0.45904 1.0 1.0 -0.45904 -0.24346 1.0 -0.23802 0.9899 0.9899 0.9899 -0.4577 -0.24346 0.99393 0.99393 0.99393 0.50856 0.93539 -0.27778 -0.24346 -0.4577 -0.23802 0.99393 0.33536 0.99192 0.96413 0.94867 -0.23802 -0.23984 -0.32782 0.6618 0.45465 -0.1229 0.56098 0.11289 -0.09487 
-0.4577 0.3048 0.98989 -0.20321 0.98989 0.98787 -0.20321 0.98989 0.98989 -0.23802 -0.58201 -0.58201 0.50535 0.63544 0.63544 -0.45904 1.0 1.0 -0.45904 -0.24346 1.0 -0.23802 0.9899 0.9899 0.9899 -0.4577 -0.24346 0.99393 0.99393 0.99393 0.50856 0.93539 -0.27778 -0.24346 -0.4577 -0.23802 0.99393 0.33536 0.99192 0.96413 0.94867 -0.23802 -0.23984 -0.32782 0.6618 0.45465 -0.1229 0.56098 0.11289 -0.09487 
0.99708 0.19184 -0.45325 -0.12287 -0.45325 -0.45233 -0.12287 -0.45325 -0.45325 0.51852 0.78351 0.78351 0.31383 0.3893 0.3893 1.0 -0.45904 -0.45904 1.0 -0.14721 -0.45904 0.51852 -0.4514 -0.4514 -0.4514 0.99708 -0.14721 -0.45325 -0.45325 -0.45325 0.31303 -0.33694 -0.16796 -0.14721 0.99708 0.51852 -0.45325 0.20983 -0.45233 -0.46733 -0.47497 0.51852 0.51309 0.65576 0.0053677 0.16034 0.29156 0.075881 -0.082771 0.066103 
-0.14678 0.10174 -0.24297 -0.065167 -0.24297 -0.24247 -0.065167 -0.24297 -0.24297 -0.076331 -0.18665 -0.18665 -0.46907 -0.37814 -0.37814 -0.14721 -0.24346 -0.24346 -0.14721 1.0 -0.24346 -0.076331 -0.24198 -0.24198 -0.24198 -0.14678 1.0 -0.24297 -0.24297 -0.24297 -0.47028 -0.25806 -0.089081 1.0 -0.14678 -0.076331 -0.24297 0.11128 -0.24247 -0.25042 -0.19296 -0.076331 -0.076916 -0.023837 -0.29128 -0.36797 -0.04723 -0.019924 -0.15879 -0.069041 
-0.4577 0.3048 0.98989 -0.20321 0.98989 0.98787 -0.20321 0.98989 0.98989 -0.23802 -0.58201 -0.58201 0.50535 0.63544 0.63544 -0.45904 1.0 1.0 -0.45904 -0.24346 1.0 -0.23802 0.9899 0.9899 0.9899 -0.4577 -0.24346 0.99393 0.99393 0.99393 0.50856 0.93539 -0.27778 -0.24346 -0.4577 -0.23802 0.99393 0.33536 0.99192 0.96413 0.94867 -0.23802 -0.23984 -0.32782 0.6618 0.45465 -0.1229 0.56098 0.11289 -0.09487 
0.52004 0.09947 -0.23754 -0.063712 -0.23754 -0.23706 -0.063712 -0.23754 -0.23754 1.0 0.40896 0.40896 0.16273 0.20186 0.20186 0.51852 -0.23802 -0.23802 0.51852 -0.076331 -0.23802 1.0 -0.23658 -0.23658 -0.23658 0.52004 -0.076331 -0.23754 -0.23754 -0.23754 0.16231 -0.25229 -0.087092 -0.076331 0.52004 1.0 -0.23754 0.1088 -0.23706 -0.24483 -0.24879 1.0 0.9924 -0.10278 -0.29227 0.13923 0.57126 -0.069681 0.068876 -0.067499 
-0.45493 0.31534 0.99191 -0.20198 0.99191 0.98988 -0.20198 0.99191 0.99191 -0.23658 -0.57849 -0.57849 0.51132 0.63573 0.63573 -0.4514 0.9899 0.9899 -0.4514 -0.24198 0.9899 -0.23658 1.0 0.99595 0.99595 -0.45493 -0.24198 0.99596 0.99596 0.99596 0.51455 0.93772 -0.2761 -0.24198 -0.45493 -0.23658 0.99596 0.34491 0.99798 0.9663 0.95093 -0.23658 -0.23839 -0.32584 0.66478 0.46132 -0.12199 0.56487 0.11118 -0.093465 
-0.45493 0.31534 0.99191 -0.20198 0.99191 0.99393 -0.20198 0.99596 0.99596 -0.23658 -0.57849 -0.57849 0.51132 0.63573 0.63573 -0.4514 0.9899 0.9899 -0.4514 -0.24198 0.9899 -0.23658 0.99595 1.0 1.0 -0.45493 -0.24198 0.99596 0.99596 0.99596 0.51455 0.93772 -0.2761 -0.24198 -0.45493 -0.23658 0.99596 0.34491 0.99798 0.9663 0.95093 -0.23658 -0.23839 -0.32584 0.66478 0.46132 -0.12199 0.56487 0.11519 -0.093465 
-0.45493 0.31534 0.99191 -0.20198 0.99191 0.99393 -0.20198 0.99596 0.99596 -0.23658 -0.57849 -0.57849 0.51132 0.63573 0.63573 -0.4514 0.9899 0.9899 -0.4514 -0.24198 0.9899 -0.23658 0.99595 1.0 1.0 -0.45493 -0.24198 0.99596 0.99596 0.99596 0.51455 0.93772 -0.2761 -0.24198 -0.45493 -0.23658 0.99596 0.34491 0.99798 0.9663 0.95093 -0.23658 -0.23839 -0.32584 0.66478 0.46132 -0.12199 0.56487 0.11519 -0.093465 
1.0 0.19128 -0.45678 -0.12251 -0.45678 -0.45585 -0.12251 -0.45678 -0.45678 0.52004 0.78641 0.78641 0.31292 0.38816 0.38816 0.99708 -0.4577 -0.4577 0.99708 -0.14678 -0.4577 0.52004 -0.45493 -0.45493 -0.45493 1.0 -0.14678 -0.45678 -0.45678 -0.45678 0.31211 -0.34011 -0.16747 -0.14678 1.0 0.52004 -0.45678 0.20922 -0.45585 -0.4708 -0.47841 0.52004 0.5146 0.65775 0.0031244 0.1593 0.29245 0.07408 -0.080416 0.066808 
-0.14678 0.10174 -0.24297 -0.065167 -0.24297 -0.24247 -0.065167 -0.24297 -0.24297 -0.076331 -0.18665 -0.18665 -0.46907 -0.37814 -0.37814 -0.14721 -0.24346 -0.24346 -0.14721 1.0 -0.24346 -0.076331 -0.24198 -0.24198 -0.24198 -0.14678 1.0 -0.24297 -0.24297 -0.24297 -0.47028 -0.25806 -0.089081 1.0 -0.14678 -0.076331 -0.24297 0.11128 -0.24247 -0.25042 -0.19296 -0.076331 -0.076916 -0.023837 -0.29128 -0.36797 -0.04723 -0.019924 -0.15879 -0.069041 
-0.45678 0.31662 0.99595 -0.2028 0.99595 0.99393 -0.2028 0.99595 0.99595 -0.23754 -0.58083 -0.58083 0.51341 0.63833 0.63833 -0.45325 0.99393 0.99393 -0.45325 -0.24297 0.99393 -0.23754 0.99596 0.99596 0.99596 -0.45678 -0.24297 1.0 1.0 1.0 0.51664 0.94152 -0.27722 -0.24297 -0.45678 -0.23754 1.0 0.34631 0.99798 0.97022 0.95479 -0.23754 -0.23936 -0.32716 0.66815 0.46324 -0.1226 0.56775 0.11098 -0.094401 
-0.45678 0.31662 0.99595 -0.2028 0.99595 0.99393 -0.2028 0.99595 0.99595 -0.23754 -0.58083 -0.58083 0.51341 0.63833 0.63833 -0.45325 0.99393 0.99393 -0.45325 -0.24297 0.99393 -0.23754 0.99596 0.99596 0.99596 -0.45678 -0.24297 1.0 1.0 1.0 0.51664 0.94152 -0.27722 -0.24297 -0.45678 -0.23754 1.0 0.34631 0.99798 0.97022 0.95479 -0.23754 -0.23936 -0.32716 0.66815 0.46324 -0.1226 0.56775 0.11098 -0.094401 
-0.45678 0.31662 0.99595 -0.2028 0.99595 0.99393 -0.2028 0.99595 0.99595 -0.23754 -0.58083 -0.58083 0.51341 0.63833 0.63833 -0.45325 0.99393 0.99393 -0.45325 -0.24297 0.99393 -0.23754 0.99596 0.99596 0.99596 -0.45678 -0.24297 1.0 1.0 1.0 0.51664 0.94152 -0.27722 -0.24297 -0.45678 -0.23754 1.0 0.34631 0.99798 0.97022 0.95479 -0.23754 -0.23936 -0.32716 0.66815 0.46324 -0.1226 0.56775 0.11098 -0.094401 
0.31211 0.61284 0.51664 -0.39253 0.51664 0.5156 -0.39253 0.51664 0.51664 0.16231 0.39688 0.39688 0.99743 0.79935 0.79935 0.31303 0.50856 0.50856 0.31303 -0.47028 0.50856 0.16231 0.51455 0.51455 0.51455 0.31211 -0.47028 0.51664 0.51664 0.51664 1.0 0.54873 0.18942 -0.47028 0.31211 0.16231 0.51664 0.67032 0.5156 0.47795 0.45034 0.16231 0.15472 0.17557 0.54964 0.72131 0.10043 0.47924 0.17602 -0.095723 
-0.34011 0.33628 0.9375 -0.21539 0.9375 0.9356 -0.21539 0.9375 0.9375 -0.25229 -0.48763 -0.48763 0.54562 0.67827 0.67827 -0.33694 0.93539 0.93539 -0.33694 -0.25806 0.93539 -0.25229 0.93772 0.93772 0.93772 -0.34011 -0.25806 0.94152 0.94152 0.94152 0.54873 1.0 -0.29444 -0.25806 -0.34011 -0.25229 0.94152 0.36782 0.93962 0.91034 0.89414 -0.25229 -0.25423 -0.34748 0.59988 0.39781 -0.13188 0.49341 0.052475 -0.099989 
-0.16747 0.11609 -0.27029 -0.074354 -0.27029 -0.26973 -0.074354 -0.27029 -0.27029 -0.087092 0.47727 0.47727 0.18991 -0.43145 -0.43145 -0.16796 -0.27778 -0.27778 -0.16796 -0.089081 -0.27778 -0.087092 -0.2761 -0.2761 -0.2761 -0.16747 -0.089081 -0.27722 -0.27722 -0.27722 0.18942 -0.29444 1.0 -0.089081 -0.16747 -0.087092 -0.27722 0.12697 -0.27666 -0.26503 -0.26969 -0.087092 -0.087759 -0.10955 -0.31361 0.075318 -0.053889 -0.34961 0.19161 -0.078774 
-0.14678 0.10174 -0.24297 -0.065167 -0.24297 -0.24247 -0.065167 -0.24297 -0.24297 -0.076331 -0.18665 -0.18665 -0.46907 -0.37814 -0.37814 -0.14721 -0.24346 -0.24346 -0.14721 1.0 -0.24346 -0.076331 -0.24198 -0.24198 -0.24198 -0.14678 1.0 -0.24297 -0.24297 -0.24297 -0.47028 -0.25806 -0.089081 1.0 -0.14678 -0.076331 -0.24297 0.11128 -0.24247 -0.25042 -0.19296 -0.076331 -0.076916 -0.023837 -0.29128 -0.36797 -0.04723 -0.019924 -0.15879 -0.069041 
1.0 0.19128 -0.45678 -0.12251 -0.45678 -0.45585 -0.12251 -0.45678 -0.45678 0.52004 0.78641 0.78641 0.31292 0.38816 0.38816 0.99708 -0.4577 -0.4577 0.99708 -0.14678 -0.4577 0.52004 -0.45493 -0.45493 -0.45493 1.0 -0.14678 -0.45678 -0.45678 -0.45678 0.31211 -0.34011 -0.16747 -0.14678 1.0 0.52004 -0.45678 0.20922 -0.45585 -0.4708 -0.47841 0.52004 0.5146 0.65775 0.0031244 0.1593 0.29245 0.07408 -0.080416 0.066808 
0.52004 0.09947 -0.23754 -0.063712 -0.23754 -0.23706 -0.063712 -0.23754 -0.23754 1.0 0.40896 0.40896 0.16273 0.20186 0.20186 0.51852 -0.23802 -0.23802 0.51852 -0.076331 -0.23802 1.0 -0.23658 -0.23658 -0.23658 0.52004 -0.076331 -0.23754 -0.23754 -0.23754 0.16231 -0.25229 -0.087092 -0.076331 0.52004 1.0 -0.23754 0.1088 -0.23706 -0.24483 -0.24879 1.0 0.9924 -0.10278 -0.29227 0.13923 0.57126 -0.069681 0.068876 -0.067499 
-0.45678 0.31662 0.99595 -0.2028 0.99595 0.99393 -0.2028 0.99595 0.99595 -0.23754 -0.58083 -0.58083 0.51341 0.63833 0.63833 -0.45325 0.99393 0.99393 -0.45325 -0.24297 0.99393 -0.23754 0.99596 0.99596 0.99596 -0.45678 -0.24297 1.0 1.0 1.0 0.51664 0.94152 -0.27722 -0.24297 -0.45678 -0.23754 1.0 0.34631 0.99798 0.97022 0.95479 -0.23754 -0.23936 -0.32716 0.66815 0.46324 -0.1226 0.56775 0.11098 -0.094401 
0.20922 0.91425 0.34631 0.092887 0.34631 0.34561 0.092887 0.34631 0.34631 0.1088 0.26604 0.26604 0.6686 0.53295 0.53295 0.20983 0.33536 0.33536 0.20983 0.11128 0.33536 0.1088 0.34491 0.34491 0.34491 0.20922 0.11128 0.34631 0.34631 0.34631 0.67032 0.36782 0.12697 0.11128 0.20922 0.1088 0.34631 1.0 0.34561 0.28726 0.29314 0.1088 0.10963 0.14985 0.32776 0.61559 0.06732 0.42721 0.088521 -0.19903 
-0.45585 0.31598 0.99393 -0.20239 0.99393 0.9919 -0.20239 0.99393 0.99393 -0.23706 -0.57966 -0.57966 0.51236 0.63703 0.63703 -0.45233 0.99192 0.99192 -0.45233 -0.24247 0.99192 -0.23706 0.99798 0.99798 0.99798 -0.45585 -0.24247 0.99798 0.99798 0.99798 0.5156 0.93962 -0.27666 -0.24247 -0.45585 -0.23706 0.99798 0.34561 1.0 0.96826 0.95286 -0.23706 -0.23887 -0.3265 0.66646 0.46228 -0.12229 0.56631 0.11309 -0.093933 
-0.4708 0.25183 0.96619 -0.20902 0.96619 0.96423 -0.20902 0.96619 0.96619 -0.24483 -0.5857 -0.5857 0.47485 0.59543 0.59543 -0.46733 0.96413 0.96413 -0.46733 -0.25042 0.96413 -0.24483 0.9663 0.9663 0.9663 -0.4708 -0.25042 0.97022 0.97022 0.97022 0.47795 0.91034 -0.26503 -0.25042 -0.4708 -0.24483 0.97022 0.28726 0.96826 1.0 0.98409 -0.24483 -0.2467 -0.3372 0.69363 0.47778 -0.1272 0.58956 0.095576 -0.0071599 
-0.47841 0.25723 0.95076 -0.2124 0.95076 0.94883 -0.2124 0.95076 0.95076 -0.24879 -0.5954 -0.5954 0.44731 0.57288 0.57288 -0.47497 0.94867 0.94867 -0.47497 -0.19296 0.94867 -0.24879 0.95093 0.95093 0.95093 -0.47841 -0.19296 0.95479 0.95479 0.95479 0.45034 0.89414 -0.26969 -0.19296 -0.47841 -0.24879 0.95479 0.29314 0.95286 0.98409 1.0 -0.24879 -0.25069 -0.34265 0.67545 0.48568 -0.12969 0.56866 0.086907 -0.011087 
0.52004 0.09947 -0.23754 -0.063712 -0.23754 -0.23706 -0.063712 -0.23754 -0.23754 1.0 0.40896 0.40896 0.16273 0.20186 0.20186 0.51852 -0.23802 -0.23802 0.51852 -0.076331 -0.23802 1.0 -0.23658 -0.23658 -0.23658 0.52004 -0.076331 -0.23754 -0.23754 -0.23754 0.16231 -0.25229 -0.087092 -0.076331 0.52004 1.0 -0.23754 0.1088 -0.23706 -0.24483 -0.24879 1.0 0.9924 -0.10278 -0.29227 0.13923 0.57126 -0.069681 0.068876 -0.067499 
0.5146 0.10023 -0.23936 -0.046672 -0.23936 -0.23887 -0.046672 -0.23936 -0.23936 0.9924 0.4037 0.4037 0.15516 0.19529 0.19529 0.51309 -0.23984 -0.23984 0.51309 -0.076916 -0.23984 0.9924 -0.23839 -0.23839 -0.23839 0.5146 -0.076916 -0.23936 -0.23936 -0.23936 0.15472 -0.25423 -0.087759 -0.076916 0.5146 0.9924 -0.23936 0.10963 -0.23887 -0.2467 -0.25069 0.9924 1.0 -0.10357 -0.29451 0.14043 0.56687 -0.074075 0.072174 -0.068016 
0.65775 0.137 -0.32716 -0.08775 -0.32716 -0.3265 -0.08775 -0.32716 -0.32716 -0.10278 0.51765 0.51765 0.1762 0.22764 0.22764 0.65576 -0.32782 -0.32782 0.65576 -0.023837 -0.32782 -0.10278 -0.32584 -0.32584 -0.32584 0.65775 -0.023837 -0.32716 -0.32716 -0.32716 0.17557 -0.34748 -0.10955 -0.023837 0.65775 -0.10278 -0.32716 0.14985 -0.3265 -0.3372 -0.34265 -0.10278 -0.10357 1.0 0.30943 0.20457 -0.063598 0.27608 -0.087991 0.13969 
0.0031244 0.28442 0.66413 -0.24053 0.66413 0.66244 -0.24053 0.66413 0.66413 -0.29227 -0.1937 -0.1937 0.55138 0.69488 0.69488 0.0053677 0.6618 0.6618 0.0053677 -0.29128 0.6618 -0.29227 0.66478 0.66478 0.66478 0.0031244 -0.29128 0.66815 0.66815 0.66815 0.54964 0.59988 -0.31361 -0.29128 0.0031244 -0.29227 0.66815 0.32776 0.66646 0.69363 0.67545 -0.29227 -0.29451 0.30943 1.0 0.58172 -0.16874 0.74517 0.063381 0.13701 
0.1593 0.54468 0.46324 -0.044192 0.46324 0.46228 -0.044192 0.46324 0.46324 0.13923 0.18918 0.18918 0.7192 0.61217 0.61217 0.16034 0.45465 0.45465 0.16034 -0.36797 0.45465 0.13923 0.46132 0.46132 0.46132 0.1593 -0.36797 0.46324 0.46324 0.46324 0.72131 0.39781 0.075318 -0.36797 0.1593 0.13923 0.46324 0.61559 0.46228 0.47778 0.48568 0.13923 0.14043 0.20457 0.58172 1.0 0.07752 0.49113 0.165 0.032831 
0.29245 0.061548 -0.1226 -0.039422 -0.1226 -0.12229 -0.039422 -0.1226 -0.1226 0.57126 0.22691 0.22691 0.10069 0.1249 0.1249 0.29156 -0.1229 -0.1229 0.29156 -0.04723 -0.1229 0.57126 -0.12199 -0.12199 -0.12199 0.29245 -0.04723 -0.1226 -0.1226 -0.1226 0.10043 -0.13188 -0.053889 -0.04723 0.29245 0.57126 -0.1226 0.06732 -0.12229 -0.1272 -0.12969 0.57126 0.56687 -0.063598 -0.16874 0.07752 1.0 0.12274 -0.041946 -0.041766 
0.07408 0.37958 0.56365 -0.26416 0.56365 0.5622 -0.26416 0.56365 0.56365 -0.069681 -0.15302 -0.15302 0.48147 0.65199 0.65199 0.075881 0.56098 0.56098 0.075881 -0.019924 0.56098 -0.069681 0.56487 0.56487 0.56487 0.07408 -0.019924 0.56775 0.56775 0.56775 0.47924 0.49341 -0.34961 -0.019924 0.07408 -0.069681 0.56775 0.42721 0.56631 0.58956 0.56866 -0.069681 -0.074075 0.27608 0.74517 0.49113 0.12274 1.0 -0.10938 0.022825 
-0.080416 0.13579 0.11499 -0.025822 0.11499 0.1171 -0.025822 0.11499 0.11499 0.068876 0.048375 0.048375 0.17362 0.045706 0.045706 -0.082771 0.11289 0.11289 -0.082771 -0.15879 0.11289 0.068876 0.11118 0.11519 0.11519 -0.080416 -0.15879 0.11098 0.11098 0.11098 0.17602 0.052475 0.19161 -0.15879 -0.080416 0.068876 0.11098 0.088521 0.11309 0.095576 0.086907 0.068876 0.072174 -0.087991 0.063381 0.165 -0.041946 -0.10938 1.0 -0.025389 
0.066808 -0.22805 -0.094401 -0.038367 -0.094401 -0.093933 -0.038367 -0.094401 -0.094401 -0.067499 0.010193 0.010193 -0.095048 -0.040251 -0.040251 0.066103 -0.09487 -0.09487 0.066103 -0.069041 -0.09487 -0.067499 -0.093465 -0.093465 -0.093465 0.066808 -0.069041 -0.094401 -0.094401 -0.094401 -0.095723 -0.099989 -0.078774 -0.069041 0.066808 -0.067499 -0.094401 -0.19903 -0.093933 -0.0071599 -0.011087 -0.067499 -0.068016 0.13969 0.13701 0.032831 -0.041766 0.022825 -0.025389 1.0 
