0                   -0.8767458696672644 
1                   6.004363323664085   
2                   5.372904883376533   
3                   -0.8942781631860924 
4                   5.372904879078128   
5                   5.29302808934676    
6                   -0.8942781517215995 
7                   5.177211057372452   
8                   5.177211101057579   
9                   -0.19207465682618957
10                  -1.0838292052874285 
11                  -1.0838292733844703 
12                  4.822868269826427   
13                  4.691699350303186   
14                  4.691699325283496   
15                  -1.012054594744884  
16                  5.313704132794971   
17                  5.313704109685956   
18                  -1.0120546386400433 
19                  1.0538429319813     
20                  5.313704107608667   
21                  -0.19207461594782999
22                  5.039653951807581   
23                  5.0668580711903415  
24                  5.066858045453004   
25                  -0.8767459255690666 
26                  1.0538429506643707  
27                  5.270935342638114   
28                  5.270935323267619   
29                  5.270935192396208   
30                  4.803671750585019   
31                  5.129353235061507   
32                  -0.4822446230476815 
33                  1.05384292438479    
34                  -0.8767460473946577 
35                  -0.1920746365483128 
36                  5.270935269628724   
37                  6.360803444463267   
38                  5.1543809930193705  
39                  4.805742321098684   
40                  4.824377514493304   
41                  -0.1920746029510444 
42                  -0.07268088928108551
43                  -0.8838573195053775 
44                  3.672709584850657   
45                  3.829780366480888   
46                  1.6129213923955938  
47                  4.504393902412746   
48                  0.7936197144080137  
49                  -1.0014517932570792 
