13.662695746617546
17.158229909534167
7.456420420262611
9.20134703771258
7.456420500630796
9.201347113854087
7.408033138866616
9.3802421160796
4.642319956325024
5.518210302012267
7.2987108323973375
9.007325682448265
8.221118652515154
10.908527848680713
7.456420475682882
9.20134713679459
5.44313154699107
6.223980908662148
16.161708465115527
20.34236469027293
7.456420412048373
9.201347048473993
7.298710851767134
9.0073256488064
13.662695756280918
17.158229845816688
7.49311640411021
9.496239389205392
7.45642047153778
9.201347002458999
13.558343382741171
17.04446534055362
7.366742831384467
9.487134031264787
6.16455968826815
6.982657867019686
7.456420480383465
9.201347045296561
7.493116321955312
9.496239356103699
16.16170854647708
20.342364720225355
-0.3431988663878412
0.06622927101517434
13.662695773325296
17.15822994348466
8.221118690229313
10.90852790557742
7.493116347317552
9.49623941334682
7.4564204296947345
9.201346957985557
16.456810370350432
20.70403948416839
13.993812350758363
17.564044040044507
16.45681035249165
20.704039497861416
8.221118701779227
10.908527920901166
16.45681036687994
20.704039520234318
7.456420530957704
9.20134714270759
7.45642043740039
9.201347079876564
13.993812281854552
17.56404403518661
7.456420501958467
9.201347089814899
7.456420506868453
9.201347125294967
16.368227690769206
20.72416454009883
7.493116295705034
9.49623927528485
7.456420486913564
9.201347052138095
7.456420441378782
9.20134705361761
13.99381237766693
17.564044139011727
16.456810408124056
20.704039500750298
7.456420456729185
9.201347049141267
7.298710801091861
9.007325621075355
6.164559651642435
6.982657954710653
13.88628276893834
17.576369415151124
16.530348475404036
20.900949097701726
13.886282747728938
17.576369405377502
16.36822770915145
20.7241645070013
7.45642051059217
9.201347093827057
