1.0 -0.07590886111456 -0.07590886111456 -0.0786809921618467 0.340814960000593 -0.0800365816092984 0.567662209840543 -0.07590886111456 0.413694446862678 0.847955404617044 -0.07590886111456 -0.0800365816092984 1.0 -0.0813732325751002 -0.07590886111456 0.994232228316894 -0.0800365816092984 0.466533356756754 -0.07590886111456 -0.0813732325751002 0.847955404617044 -0.0142958849922581 1.0 0.567662209840543 -0.0813732325751002 0 0 0 0 0 0 0 0 0 0 0 0 0 0 0 0 0 0 0 0 0 0 0 0 0 
-0.07590886111456 1.0 1.0 0.964767461986443 -0.0258708754644494 0.948427076572461 -0.04309059184677 1.0 -0.0314030743107637 0.428465351895293 1.0 0.948427076572461 -0.07590886111456 0.932848047353938 1.0 -0.0763492260184161 0.913110328486298 -0.0354140157833579 1.0 0.932848047353938 0.428465351895293 -0.0237658650799326 -0.07590886111456 -0.04309059184677 0.932848047353938 0 0 0 0 0 0 0 0 0 0 0 0 0 0 0 0 0 0 0 0 0 0 0 0 0 
-0.07590886111456 1.0 1.0 0.964767461986443 -0.0258708754644494 0.948427076572461 -0.04309059184677 1.0 -0.0314030743107637 0.428465351895293 1.0 0.948427076572461 -0.07590886111456 0.932848047353938 1.0 -0.0763492260184161 0.913110328486298 -0.0354140157833579 1.0 0.932848047353938 0.428465351895293 -0.0237658650799326 -0.07590886111456 -0.04309059184677 0.932848047353938 0 0 0 0 0 0 0 0 0 0 0 0 0 0 0 0 0 0 0 0 0 0 0 0 0 
-0.0786809921618467 0.964767461986443 0.964767461986443 1.0 -0.0268156591964468 0.948896821700205 -0.0446642258830403 0.964767461986443 -0.0325498895310018 0.444112564713872 0.964767461986443 0.948896821700205 -0.0786809921618467 0.966914913810647 0.964767461986443 -0.0791374388406654 0.948896821700205 -0.0367073073862182 0.964767461986443 0.966914913810647 0.444112564713872 -0.0246337755120794 -0.0786809921618467 -0.0446642258830403 0.966914913810647 0 0 0 0 0 0 0 0 0 0 0 0 0 0 0 0 0 0 0 0 0 0 0 0 0 
0.340814960000593 -0.0258708754644494 -0.0258708754644494 -0.0268156591964468 1.0 -0.0272776643597573 -0.0290642026718128 -0.0258708754644494 -0.0211810810009668 0.288995887306845 -0.0258708754644494 -0.0272776643597573 0.340814960000593 -0.0277332150052017 -0.0258708754644494 0.338849217125123 -0.0272776643597573 -0.0238864236492831 -0.0258708754644494 -0.0277332150052017 0.288995887306845 -0.0160298545401831 0.340814960000593 -0.0290642026718128 -0.0277332150052017 0 0 0 0 0 0 0 0 0 0 0 0 0 0 0 0 0 0 0 0 0 0 0 0 0 
-0.0800365816092984 0.948427076572461 0.948427076572461 0.948896821700205 -0.0272776643597573 1.0 -0.0454337427844173 0.948427076572461 -0.0331106893576383 0.451764149800248 0.948427076572461 1.0 -0.0800365816092984 0.983573824911427 0.948427076572461 -0.0805008923768142 0.966366419665439 -0.0373397350815218 0.948427076572461 0.983573824911427 0.451764149800248 -0.0250581891502092 -0.0800365816092984 -0.0454337427844173 0.983573824911427 0 0 0 0 0 0 0 0 0 0 0 0 0 0 0 0 0 0 0 0 0 0 0 0 0 
0.567662209840543 -0.04309059184677 -0.04309059184677 -0.0446642258830403 -0.0290642026718128 -0.0454337427844173 1.0 -0.04309059184677 -0.0352792590084644 0.481352238831143 -0.04309059184677 -0.0454337427844173 0.567662209840543 -0.0461925090254498 -0.04309059184677 0.564388063821055 -0.0454337427844173 -0.0397852841727248 -0.04309059184677 -0.0461925090254498 0.481352238831143 -0.0266993639354532 0.567662209840543 1.0 -0.0461925090254498 0 0 0 0 0 0 0 0 0 0 0 0 0 0 0 0 0 0 0 0 0 0 0 0 0 
-0.07590886111456 1.0 1.0 0.964767461986443 -0.0258708754644494 0.948427076572461 -0.04309059184677 1.0 -0.0314030743107637 0.428465351895293 1.0 0.948427076572461 -0.07590886111456 0.932848047353938 1.0 -0.0763492260184161 0.913110328486298 -0.0354140157833579 1.0 0.932848047353938 0.428465351895293 -0.0237658650799326 -0.07590886111456 -0.04309059184677 0.932848047353938 0 0 0 0 0 0 0 0 0 0 0 0 0 0 0 0 0 0 0 0 0 0 0 0 0 
0.413694446862678 -0.0314030743107637 -0.0314030743107637 -0.0325498895310018 -0.0211810810009668 -0.0331106893576383 -0.0352792590084644 -0.0314030743107637 1.0 0.350794442077266 -0.0314030743107637 -0.0331106893576383 0.413694446862678 -0.0336636544395841 -0.0314030743107637 0.411308351746605 -0.0331106893576383 0.886741410600516 -0.0314030743107637 -0.0336636544395841 0.350794442077266 0.0511112710544772 0.413694446862678 -0.0352792590084644 -0.0336636544395841 0 0 0 0 0 0 0 0 0 0 0 0 0 0 0 0 0 0 0 0 0 0 0 0 0 
0.847955404617044 0.428465351895293 0.428465351895293 0.444112564713872 0.288995887306845 0.451764149800248 0.481352238831143 0.428465351895293 0.350794442077266 1.0 0.428465351895293 0.451764149800248 0.847955404617044 0.459308837179487 0.428465351895293 0.842563921636058 0.451764149800248 0.395599481296021 0.428465351895293 0.459308837179487 1.0 -0.0262902455215769 0.847955404617044 0.481352238831143 0.459308837179487 0 0 0 0 0 0 0 0 0 0 0 0 0 0 0 0 0 0 0 0 0 0 0 0 0 
-0.07590886111456 1.0 1.0 0.964767461986443 -0.0258708754644494 0.948427076572461 -0.04309059184677 1.0 -0.0314030743107637 0.428465351895293 1.0 0.948427076572461 -0.07590886111456 0.932848047353938 1.0 -0.0763492260184161 0.913110328486298 -0.0354140157833579 1.0 0.932848047353938 0.428465351895293 -0.0237658650799326 -0.07590886111456 -0.04309059184677 0.932848047353938 0 0 0 0 0 0 0 0 0 0 0 0 0 0 0 0 0 0 0 0 0 0 0 0 0 
-0.0800365816092984 0.948427076572461 0.948427076572461 0.948896821700205 -0.0272776643597573 1.0 -0.0454337427844173 0.948427076572461 -0.0331106893576383 0.451764149800248 0.948427076572461 1.0 -0.0800365816092984 0.983573824911427 0.948427076572461 -0.0805008923768142 0.966366419665439 -0.0373397350815218 0.948427076572461 0.983573824911427 0.451764149800248 -0.0250581891502092 -0.0800365816092984 -0.0454337427844173 0.983573824911427 0 0 0 0 0 0 0 0 0 0 0 0 0 0 0 0 0 0 0 0 0 0 0 0 0 
1.0 -0.07590886111456 -0.07590886111456 -0.0786809921618467 0.340814960000593 -0.0800365816092984 0.567662209840543 -0.07590886111456 0.413694446862678 0.847955404617044 -0.07590886111456 -0.0800365816092984 1.0 -0.0813732325751002 -0.07590886111456 0.994232228316894 -0.0800365816092984 0.466533356756754 -0.07590886111456 -0.0813732325751002 0.847955404617044 -0.0142958849922581 1.0 0.567662209840543 -0.0813732325751002 0 0 0 0 0 0 0 0 0 0 0 0 0 0 0 0 0 0 0 0 0 0 0 0 0 
-0.0813732325751002 0.932848047353938 0.932848047353938 0.966914913810647 -0.0277332150052017 0.983573824911427 -0.0461925090254498 0.932848047353938 -0.0336636544395841 0.459308837179487 0.932848047353938 0.983573824911427 -0.0813732325751002 1.0 0.932848047353938 -0.0818452975647898 0.983573824911427 -0.0379633273434095 0.932848047353938 1.0 0.459308837179487 -0.0254766734489561 -0.0813732325751002 -0.0461925090254498 1.0 0 0 0 0 0 0 0 0 0 0 0 0 0 0 0 0 0 0 0 0 0 0 0 0 0 
-0.07590886111456 1.0 1.0 0.964767461986443 -0.0258708754644494 0.948427076572461 -0.04309059184677 1.0 -0.0314030743107637 0.428465351895293 1.0 0.948427076572461 -0.07590886111456 0.932848047353938 1.0 -0.0763492260184161 0.913110328486298 -0.0354140157833579 1.0 0.932848047353938 0.428465351895293 -0.0237658650799326 -0.07590886111456 -0.04309059184677 0.932848047353938 0 0 0 0 0 0 0 0 0 0 0 0 0 0 0 0 0 0 0 0 0 0 0 0 0 
0.994232228316894 -0.0763492260184161 -0.0763492260184161 -0.0791374388406654 0.338849217125123 -0.0805008923768142 0.564388063821055 -0.0763492260184161 0.411308351746605 0.842563921636058 -0.0763492260184161 -0.0805008923768142 0.994232228316894 -0.0818452975647898 -0.0763492260184161 1.0 -0.0805008923768142 0.463842498872428 -0.0763492260184161 -0.0818452975647898 0.842563921636058 -0.0147080980289028 0.994232228316894 0.564388063821055 -0.0818452975647898 0 0 0 0 0 0 0 0 0 0 0 0 0 0 0 0 0 0 0 0 0 0 0 0 0 
-0.0800365816092984 0.913110328486298 0.913110328486298 0.948896821700205 -0.0272776643597573 0.966366419665439 -0.0454337427844173 0.913110328486298 -0.0331106893576383 0.451764149800248 0.913110328486298 0.966366419665439 -0.0800365816092984 0.983573824911427 0.913110328486298 -0.0805008923768142 1.0 -0.0373397350815218 0.913110328486298 0.983573824911427 0.451764149800248 -0.0250581891502092 -0.0800365816092984 -0.0454337427844173 0.983573824911427 0 0 0 0 0 0 0 0 0 0 0 0 0 0 0 0 0 0 0 0 0 0 0 0 0 
0.466533356756754 -0.0354140157833579 -0.0354140157833579 -0.0367073073862182 -0.0238864236492831 -0.0373397350815218 -0.0397852841727248 -0.0354140157833579 0.886741410600516 0.395599481296021 -0.0354140157833579 -0.0373397350815218 0.466533356756754 -0.0379633273434095 -0.0354140157833579 0.463842498872428 -0.0373397350815218 1.0 -0.0354140157833579 -0.0379633273434095 0.395599481296021 0.0410597834555693 0.466533356756754 -0.0397852841727248 -0.0379633273434095 0 0 0 0 0 0 0 0 0 0 0 0 0 0 0 0 0 0 0 0 0 0 0 0 0 
-0.07590886111456 1.0 1.0 0.964767461986443 -0.0258708754644494 0.948427076572461 -0.04309059184677 1.0 -0.0314030743107637 0.428465351895293 1.0 0.948427076572461 -0.07590886111456 0.932848047353938 1.0 -0.0763492260184161 0.913110328486298 -0.0354140157833579 1.0 0.932848047353938 0.428465351895293 -0.0237658650799326 -0.07590886111456 -0.04309059184677 0.932848047353938 0 0 0 0 0 0 0 0 0 0 0 0 0 0 0 0 0 0 0 0 0 0 0 0 0 
-0.0813732325751002 0.932848047353938 0.932848047353938 0.966914913810647 -0.0277332150052017 0.983573824911427 -0.0461925090254498 0.932848047353938 -0.0336636544395841 0.459308837179487 0.932848047353938 0.983573824911427 -0.0813732325751002 1.0 0.932848047353938 -0.0818452975647898 0.983573824911427 -0.0379633273434095 0.932848047353938 1.0 0.459308837179487 -0.0254766734489561 -0.0813732325751002 -0.0461925090254498 1.0 0 0 0 0 0 0 0 0 0 0 0 0 0 0 0 0 0 0 0 0 0 0 0 0 0 
0.847955404617044 0.428465351895293 0.428465351895293 0.444112564713872 0.288995887306845 0.451764149800248 0.481352238831143 0.428465351895293 0.350794442077266 1.0 0.428465351895293 0.451764149800248 0.847955404617044 0.459308837179487 0.428465351895293 0.842563921636058 0.451764149800248 0.395599481296021 0.428465351895293 0.459308837179487 1.0 -0.0262902455215769 0.847955404617044 0.481352238831143 0.459308837179487 0 0 0 0 0 0 0 0 0 0 0 0 0 0 0 0 0 0 0 0 0 0 0 0 0 
-0.0142958849922581 -0.0237658650799326 -0.0237658650799326 -0.0246337755120794 -0.0160298545401831 -0.0250581891502092 -0.0266993639354532 -0.0237658650799326 0.0511112710544772 -0.0262902455215769 -0.0237658650799326 -0.0250581891502092 -0.0142958849922581 -0.0254766734489561 -0.0237658650799326 -0.0147080980289028 -0.0250581891502092 0.0410597834555693 -0.0237658650799326 -0.0254766734489561 -0.0262902455215769 1.0 -0.0142958849922581 -0.0266993639354532 -0.0254766734489561 0 0 0 0 0 0 0 0 0 0 0 0 0 0 0 0 0 0 0 0 0 0 0 0 0 
1.0 -0.07590886111456 -0.07590886111456 -0.0786809921618467 0.340814960000593 -0.0800365816092984 0.567662209840543 -0.07590886111456 0.413694446862678 0.847955404617044 -0.07590886111456 -0.0800365816092984 1.0 -0.0813732325751002 -0.07590886111456 0.994232228316894 -0.0800365816092984 0.466533356756754 -0.07590886111456 -0.0813732325751002 0.847955404617044 -0.0142958849922581 1.0 0.567662209840543 -0.0813732325751002 0 0 0 0 0 0 0 0 0 0 0 0 0 0 0 0 0 0 0 0 0 0 0 0 0 
0.567662209840543 -0.04309059184677 -0.04309059184677 -0.0446642258830403 -0.0290642026718128 -0.0454337427844173 1.0 -0.04309059184677 -0.0352792590084644 0.481352238831143 -0.04309059184677 -0.0454337427844173 0.567662209840543 -0.0461925090254498 -0.04309059184677 0.564388063821055 -0.0454337427844173 -0.0397852841727248 -0.04309059184677 -0.0461925090254498 0.481352238831143 -0.0266993639354532 0.567662209840543 1.0 -0.0461925090254498 0 0 0 0 0 0 0 0 0 0 0 0 0 0 0 0 0 0 0 0 0 0 0 0 0 
-0.0813732325751002 0.932848047353938 0.932848047353938 0.966914913810647 -0.0277332150052017 0.983573824911427 -0.0461925090254498 0.932848047353938 -0.0336636544395841 0.459308837179487 0.932848047353938 0.983573824911427 -0.0813732325751002 1.0 0.932848047353938 -0.0818452975647898 0.983573824911427 -0.0379633273434095 0.932848047353938 1.0 0.459308837179487 -0.0254766734489561 -0.0813732325751002 -0.0461925090254498 1.0 0 0 0 0 0 0 0 0 0 0 0 0 0 0 0 0 0 0 0 0 0 0 0 0 0 
0 0 0 0 0 0 0 0 0 0 0 0 0 0 0 0 0 0 0 0 0 0 0 0 0 1.0 0.428465351895293 -0.07590886111456 0.428465351895293 -0.04309059184677 0.428465351895293 1.0 1.0 -0.07590886111456 1.0 1.0 0.424552862882114 0.932848047353938 1.0 1.0 -0.07590886111456 0.428465351895293 1.0 0.948427076572461 -0.0354140157833579 -0.0767883945555357 0.430452992456129 -0.0767883945555357 0.424552862882114 1.0 
0 0 0 0 0 0 0 0 0 0 0 0 0 0 0 0 0 0 0 0 0 0 0 0 0 0.428465351895293 1.0 0.847955404617044 1.0 0.481352238831143 1.0 0.428465351895293 0.428465351895293 0.847955404617044 0.428465351895293 0.428465351895293 0.990868598835653 0.459308837179487 0.428465351895293 0.428465351895293 0.847955404617044 1.0 0.428465351895293 0.451764149800248 0.395599481296021 0.837245804435367 0.995382444551041 0.837245804435367 0.990868598835653 0.428465351895293 
0 0 0 0 0 0 0 0 0 0 0 0 0 0 0 0 0 0 0 0 0 0 0 0 0 -0.07590886111456 0.847955404617044 1.0 0.847955404617044 0.567662209840543 0.847955404617044 -0.07590886111456 -0.07590886111456 1.0 -0.07590886111456 -0.07590886111456 0.840212383648009 -0.0813732325751002 -0.07590886111456 -0.07590886111456 1.0 0.847955404617044 -0.07590886111456 -0.0800365816092984 0.466533356756754 0.988546010812355 0.841502832278651 0.988546010812355 0.840212383648009 -0.07590886111456 
0 0 0 0 0 0 0 0 0 0 0 0 0 0 0 0 0 0 0 0 0 0 0 0 0 0.428465351895293 1.0 0.847955404617044 1.0 0.481352238831143 1.0 0.428465351895293 0.428465351895293 0.847955404617044 0.428465351895293 0.428465351895293 0.990868598835653 0.459308837179487 0.428465351895293 0.428465351895293 0.847955404617044 1.0 0.428465351895293 0.451764149800248 0.395599481296021 0.837245804435367 0.995382444551041 0.837245804435367 0.990868598835653 0.428465351895293 
0 0 0 0 0 0 0 0 0 0 0 0 0 0 0 0 0 0 0 0 0 0 0 0 0 -0.04309059184677 0.481352238831143 0.567662209840543 0.481352238831143 1.0 0.481352238831143 -0.04309059184677 -0.04309059184677 0.567662209840543 -0.04309059184677 -0.04309059184677 0.476956818437019 -0.0461925090254498 -0.04309059184677 -0.04309059184677 0.567662209840543 0.481352238831143 -0.04309059184677 -0.0454337427844173 -0.0397852841727248 0.561160213026795 0.483585220400639 0.561160213026795 0.476956818437019 -0.04309059184677 
0 0 0 0 0 0 0 0 0 0 0 0 0 0 0 0 0 0 0 0 0 0 0 0 0 0.428465351895293 1.0 0.847955404617044 1.0 0.481352238831143 1.0 0.428465351895293 0.428465351895293 0.847955404617044 0.428465351895293 0.428465351895293 0.990868598835653 0.459308837179487 0.428465351895293 0.428465351895293 0.847955404617044 1.0 0.428465351895293 0.451764149800248 0.395599481296021 0.837245804435367 0.995382444551041 0.837245804435367 0.990868598835653 0.428465351895293 
0 0 0 0 0 0 0 0 0 0 0 0 0 0 0 0 0 0 0 0 0 0 0 0 0 1.0 0.428465351895293 -0.07590886111456 0.428465351895293 -0.04309059184677 0.428465351895293 1.0 1.0 -0.07590886111456 1.0 1.0 0.424552862882114 0.932848047353938 1.0 1.0 -0.07590886111456 0.428465351895293 1.0 0.948427076572461 -0.0354140157833579 -0.0767883945555357 0.430452992456129 -0.0767883945555357 0.424552862882114 1.0 
0 0 0 0 0 0 0 0 0 0 0 0 0 0 0 0 0 0 0 0 0 0 0 0 0 1.0 0.428465351895293 -0.07590886111456 0.428465351895293 -0.04309059184677 0.428465351895293 1.0 1.0 -0.07590886111456 1.0 1.0 0.424552862882114 0.932848047353938 1.0 1.0 -0.07590886111456 0.428465351895293 1.0 0.948427076572461 -0.0354140157833579 -0.0767883945555357 0.430452992456129 -0.0767883945555357 0.424552862882114 1.0 
0 0 0 0 0 0 0 0 0 0 0 0 0 0 0 0 0 0 0 0 0 0 0 0 0 -0.07590886111456 0.847955404617044 1.0 0.847955404617044 0.567662209840543 0.847955404617044 -0.07590886111456 -0.07590886111456 1.0 -0.07590886111456 -0.07590886111456 0.840212383648009 -0.0813732325751002 -0.07590886111456 -0.07590886111456 1.0 0.847955404617044 -0.07590886111456 -0.0800365816092984 0.466533356756754 0.988546010812355 0.841502832278651 0.988546010812355 0.840212383648009 -0.07590886111456 
0 0 0 0 0 0 0 0 0 0 0 0 0 0 0 0 0 0 0 0 0 0 0 0 0 1.0 0.428465351895293 -0.07590886111456 0.428465351895293 -0.04309059184677 0.428465351895293 1.0 1.0 -0.07590886111456 1.0 1.0 0.424552862882114 0.932848047353938 1.0 1.0 -0.07590886111456 0.428465351895293 1.0 0.948427076572461 -0.0354140157833579 -0.0767883945555357 0.430452992456129 -0.0767883945555357 0.424552862882114 1.0 
0 0 0 0 0 0 0 0 0 0 0 0 0 0 0 0 0 0 0 0 0 0 0 0 0 1.0 0.428465351895293 -0.07590886111456 0.428465351895293 -0.04309059184677 0.428465351895293 1.0 1.0 -0.07590886111456 1.0 1.0 0.424552862882114 0.932848047353938 1.0 1.0 -0.07590886111456 0.428465351895293 1.0 0.948427076572461 -0.0354140157833579 -0.0767883945555357 0.430452992456129 -0.0767883945555357 0.424552862882114 1.0 
0 0 0 0 0 0 0 0 0 0 0 0 0 0 0 0 0 0 0 0 0 0 0 0 0 0.424552862882114 0.990868598835653 0.840212383648009 0.990868598835653 0.476956818437019 0.990868598835653 0.424552862882114 0.424552862882114 0.840212383648009 0.424552862882114 0.424552862882114 1.0 0.455114703928872 0.424552862882114 0.424552862882114 0.840212383648009 0.990868598835653 0.424552862882114 0.447638910116752 0.391987103731899 0.849947675129001 0.986293208137897 0.849947675129001 1.0 0.424552862882114 
0 0 0 0 0 0 0 0 0 0 0 0 0 0 0 0 0 0 0 0 0 0 0 0 0 0.932848047353938 0.459308837179487 -0.0813732325751002 0.459308837179487 -0.0461925090254498 0.459308837179487 0.932848047353938 0.932848047353938 -0.0813732325751002 0.932848047353938 0.932848047353938 0.455114703928872 1.0 0.932848047353938 0.932848047353938 -0.0813732325751002 0.459308837179487 0.932848047353938 0.983573824911427 -0.0379633273434095 -0.0823160800661471 0.461439559933825 -0.0823160800661471 0.455114703928872 0.932848047353938 
0 0 0 0 0 0 0 0 0 0 0 0 0 0 0 0 0 0 0 0 0 0 0 0 0 1.0 0.428465351895293 -0.07590886111456 0.428465351895293 -0.04309059184677 0.428465351895293 1.0 1.0 -0.07590886111456 1.0 1.0 0.424552862882114 0.932848047353938 1.0 1.0 -0.07590886111456 0.428465351895293 1.0 0.948427076572461 -0.0354140157833579 -0.0767883945555357 0.430452992456129 -0.0767883945555357 0.424552862882114 1.0 
0 0 0 0 0 0 0 0 0 0 0 0 0 0 0 0 0 0 0 0 0 0 0 0 0 1.0 0.428465351895293 -0.07590886111456 0.428465351895293 -0.04309059184677 0.428465351895293 1.0 1.0 -0.07590886111456 1.0 1.0 0.424552862882114 0.932848047353938 1.0 1.0 -0.07590886111456 0.428465351895293 1.0 0.948427076572461 -0.0354140157833579 -0.0767883945555357 0.430452992456129 -0.0767883945555357 0.424552862882114 1.0 
0 0 0 0 0 0 0 0 0 0 0 0 0 0 0 0 0 0 0 0 0 0 0 0 0 -0.07590886111456 0.847955404617044 1.0 0.847955404617044 0.567662209840543 0.847955404617044 -0.07590886111456 -0.07590886111456 1.0 -0.07590886111456 -0.07590886111456 0.840212383648009 -0.0813732325751002 -0.07590886111456 -0.07590886111456 1.0 0.847955404617044 -0.07590886111456 -0.0800365816092984 0.466533356756754 0.988546010812355 0.841502832278651 0.988546010812355 0.840212383648009 -0.07590886111456 
0 0 0 0 0 0 0 0 0 0 0 0 0 0 0 0 0 0 0 0 0 0 0 0 0 0.428465351895293 1.0 0.847955404617044 1.0 0.481352238831143 1.0 0.428465351895293 0.428465351895293 0.847955404617044 0.428465351895293 0.428465351895293 0.990868598835653 0.459308837179487 0.428465351895293 0.428465351895293 0.847955404617044 1.0 0.428465351895293 0.451764149800248 0.395599481296021 0.837245804435367 0.995382444551041 0.837245804435367 0.990868598835653 0.428465351895293 
0 0 0 0 0 0 0 0 0 0 0 0 0 0 0 0 0 0 0 0 0 0 0 0 0 1.0 0.428465351895293 -0.07590886111456 0.428465351895293 -0.04309059184677 0.428465351895293 1.0 1.0 -0.07590886111456 1.0 1.0 0.424552862882114 0.932848047353938 1.0 1.0 -0.07590886111456 0.428465351895293 1.0 0.948427076572461 -0.0354140157833579 -0.0767883945555357 0.430452992456129 -0.0767883945555357 0.424552862882114 1.0 
0 0 0 0 0 0 0 0 0 0 0 0 0 0 0 0 0 0 0 0 0 0 0 0 0 0.948427076572461 0.451764149800248 -0.0800365816092984 0.451764149800248 -0.0454337427844173 0.451764149800248 0.948427076572461 0.948427076572461 -0.0800365816092984 0.948427076572461 0.948427076572461 0.447638910116752 0.983573824911427 0.948427076572461 0.948427076572461 -0.0800365816092984 0.451764149800248 0.948427076572461 1.0 -0.0373397350815218 -0.0809639417223756 0.453859872929558 -0.0809639417223756 0.447638910116752 0.948427076572461 
0 0 0 0 0 0 0 0 0 0 0 0 0 0 0 0 0 0 0 0 0 0 0 0 0 -0.0354140157833579 0.395599481296021 0.466533356756754 0.395599481296021 -0.0397852841727248 0.395599481296021 -0.0354140157833579 -0.0354140157833579 0.466533356756754 -0.0354140157833579 -0.0354140157833579 0.391987103731899 -0.0379633273434095 -0.0354140157833579 -0.0354140157833579 0.466533356756754 0.395599481296021 -0.0354140157833579 -0.0373397350815218 1.0 0.461189688732786 0.397434657866055 0.461189688732786 0.391987103731899 -0.0354140157833579 
0 0 0 0 0 0 0 0 0 0 0 0 0 0 0 0 0 0 0 0 0 0 0 0 0 -0.0767883945555357 0.837245804435367 0.988546010812355 0.837245804435367 0.561160213026795 0.837245804435367 -0.0767883945555357 -0.0767883945555357 0.988546010812355 -0.0767883945555357 -0.0767883945555357 0.849947675129001 -0.0823160800661471 -0.0767883945555357 -0.0767883945555357 0.988546010812355 0.837245804435367 -0.0767883945555357 -0.0809639417223756 0.461189688732786 1.0 0.830864109286419 1.0 0.849947675129001 -0.0767883945555357 
0 0 0 0 0 0 0 0 0 0 0 0 0 0 0 0 0 0 0 0 0 0 0 0 0 0.430452992456129 0.995382444551041 0.841502832278651 0.995382444551041 0.483585220400639 0.995382444551041 0.430452992456129 0.430452992456129 0.841502832278651 0.430452992456129 0.430452992456129 0.986293208137897 0.461439559933825 0.430452992456129 0.430452992456129 0.841502832278651 0.995382444551041 0.430452992456129 0.453859872929558 0.397434657866055 0.830864109286419 1.0 0.830864109286419 0.986293208137897 0.430452992456129 
0 0 0 0 0 0 0 0 0 0 0 0 0 0 0 0 0 0 0 0 0 0 0 0 0 -0.0767883945555357 0.837245804435367 0.988546010812355 0.837245804435367 0.561160213026795 0.837245804435367 -0.0767883945555357 -0.0767883945555357 0.988546010812355 -0.0767883945555357 -0.0767883945555357 0.849947675129001 -0.0823160800661471 -0.0767883945555357 -0.0767883945555357 0.988546010812355 0.837245804435367 -0.0767883945555357 -0.0809639417223756 0.461189688732786 1.0 0.830864109286419 1.0 0.849947675129001 -0.0767883945555357 
0 0 0 0 0 0 0 0 0 0 0 0 0 0 0 0 0 0 0 0 0 0 0 0 0 0.424552862882114 0.990868598835653 0.840212383648009 0.990868598835653 0.476956818437019 0.990868598835653 0.424552862882114 0.424552862882114 0.840212383648009 0.424552862882114 0.424552862882114 1.0 0.455114703928872 0.424552862882114 0.424552862882114 0.840212383648009 0.990868598835653 0.424552862882114 0.447638910116752 0.391987103731899 0.849947675129001 0.986293208137897 0.849947675129001 1.0 0.424552862882114 
0 0 0 0 0 0 0 0 0 0 0 0 0 0 0 0 0 0 0 0 0 0 0 0 0 1.0 0.428465351895293 -0.07590886111456 0.428465351895293 -0.04309059184677 0.428465351895293 1.0 1.0 -0.07590886111456 1.0 1.0 0.424552862882114 0.932848047353938 1.0 1.0 -0.07590886111456 0.428465351895293 1.0 0.948427076572461 -0.0354140157833579 -0.0767883945555357 0.430452992456129 -0.0767883945555357 0.424552862882114 1.0 
