0                   5.619944998346164   
1                   -0.9716973030625926 
2                   -0.9716973105291911 
3                   -0.9691573100069888 
4                   2.1177349801705567  
5                   -0.9363988971147614 
6                   2.432892791016445   
7                   -0.9716973188925843 
8                   2.7824242390717933  
9                   4.456891135552028   
10                  -0.9716973303843618 
11                  -0.9363988900619413 
12                  5.619945018398621   
13                  -1.0375190548047044 
14                  -0.9716973246101387 
15                  5.862709077612016   
16                  -1.5861645601551675 
17                  3.694259066253365   
18                  -0.9716974154972831 
19                  -1.0375189942516723 
20                  4.456891031772437   
21                  0.7266965790901365  
22                  5.619944963850102   
23                  2.4328926905807666  
24                  -1.0375190384990582 
25                  -0.9716972782399766 
26                  4.334623224111753   
27                  5.482755377177637   
28                  4.3346232659554556  
29                  2.4328927219106555  
30                  4.334623238138668   
31                  -0.9716973670911924 
32                  -0.9716973450592066 
33                  5.4827553849707     
34                  -0.9716972982940373 
35                  -0.9716973775008213 
36                  4.302018627670005   
37                  -1.0375190170157707 
38                  -0.9716973493680221 
39                  -0.9716973840238454 
40                  5.48275531682251    
41                  4.334623205146625   
42                  -0.9716972328661487 
43                  -0.9363989905034786 
44                  3.694258981076775   
45                  5.428880506037343   
46                  4.356392464572621   
47                  5.428880596181205   
48                  4.302018599846752   
49                  -0.9716972475090813 
