0                   19.321969623443735  
1                   10.544970885091079  
2                   10.544970998748855  
3                   10.476540935494498  
4                   6.565231843110124   
5                   10.321935847015737  
6                   11.626417496265354  
7                   10.544970963467177  
8                   7.697750455535618   
9                   22.856107302486436  
10                  10.54497087347439   
11                  10.321935874408766  
12                  19.321969637109806  
13                  10.596866843132977  
14                  10.544970957605118  
15                  19.174393095184072  
16                  10.418147622658688  
17                  8.718003917207277   
18                  10.544970970114806  
19                  10.596866726948406  
20                  22.856107417549048  
21                  -0.4853564914367568 
22                  19.321969661214197  
23                  11.62641754960123   
24                  10.59686676281603   
25                  10.544970898430115  
26                  23.27344441915178   
27                  19.790239215746602  
28                  23.273444393895648  
29                  11.626417565935277  
30                  23.273444414243762  
31                  10.54497104163758   
32                  10.544970909327558  
33                  19.790239118301898  
34                  10.544971000626466  
35                  10.544971007570235  
36                  23.14816959229666   
37                  10.596866689824907  
38                  10.54497097934976   
39                  10.544970914953854  
40                  19.79023925380106   
41                  23.273444472571754  
42                  10.544970936662601  
43                  10.321935802743107  
44                  8.718003865410694   
45                  19.638169422780418  
46                  23.377443004669804  
47                  19.638169392785795  
48                  23.14816961829308   
49                  10.544971012836365  
