0                   4.943431820935173   
1                   2.4676988877435555  
2                   2.467698881766132   
3                   2.7891246834085734  
4                   1.2386960060225574  
5                   2.4163462938140934  
6                   3.800570532863511   
7                   2.4676989494905794  
8                   1.1042877574456123  
9                   5.91234073323711    
10                  2.4676989145791786  
11                  2.416346218844284   
12                  4.943431717158977   
13                  2.8328436926228875  
14                  2.4676987653734237  
15                  4.930120952825014   
16                  2.998685992407309   
17                  1.1569655397431513  
18                  2.467698813445198   
19                  2.8328437619945936  
20                  5.912340660533622   
21                  0.5790188247324997  
22                  4.943431831177954   
23                  3.800570559991731   
24                  2.83284380708097    
25                  2.4676987616534807  
26                  6.006489015267217   
27                  5.049070075802671   
28                  6.006489059888213   
29                  3.8005705653287345  
30                  6.006489071180158   
31                  2.4676988796824206  
32                  2.4676989231359543  
33                  5.049070166377269   
34                  2.4676988458919724  
35                  2.4676988891245997  
36                  6.160224969162685   
37                  2.8328436848229797  
38                  2.467698813885633   
39                  2.467698880373889   
40                  5.049070177708997   
41                  6.006488985297603   
42                  2.467698852334638   
43                  2.4163462512923206  
44                  1.1569657155534891  
45                  5.218570581405967   
46                  6.180962675769681   
47                  5.218570597578605   
48                  6.16022489635929    
49                  2.467698839356121   
